2
4
4
7
7
7
6
11
9
16
14
17
18
20
21
21
18
17
17
26
28
41
33
30
30
34
32
34
38
39
42
50
47
49
42
41
42
41
43
51
42
43
43
48
52
49
46
52
51
50
60
65
57
56
56
69
86
84
73
71
75
70
69
61
68
62
54
61
69
62
65
60
59
58
67
72
71
76
63
68
73
68
74
71
85
105
118
122
123
111
111
112
123
135
137
149
143
136
138
139
135
129
125
130
135
133
139
132
140
145
148
157
160
176
178
191
191
205
198
202
200
195
199
204
195
209
216
209
212
214
210
204
195
200
201
193
198
209
212
227
224
240
237
217
222
215
207
210
196
182
189
179
185
179
191
188
177
181
180
155
160
153
154
164
172
166
190
187
194
220
222
231
242
238
243
245
240
263
280
288
283
290
293
302
304
302
287
304
309
300
278
252
245
244
219
219
207
201
189
203
227
228
248
250
259
261
270
270
250
277
268
257
256
262
251
226
225
224
245
236
245
256
274
267
277
287
291
290
321
326
323
315
338
346
350
382
383
416
407
417
413
379
385
388
383
391
392
395
387
402
413
416
402
402
384
371
342
333
327
347
355
348
347
349
348
340
322
328
314
325
330
353
354
367
361
354
335
351
338
370
356
341
344
353
358
379
381
348
362
359
374
364
357
375
378
368
375
398
421
419
413
385
378
380
372
373
383
389
370
376
362
368
343
359
372
387
412
435
432
437
456
482
505
492
495
520
525
512
504
499
500
508
511
524
512
526
537
533
548
565
576
574
559
560
575
579
592
610
624
610
585
577
577
593
630
625
624
623
606
603
590
570
582
615
608
624
640
636
612
611
619
643
641
624
615
596
596
601
614
602
599
588
599
600
639
644
656
654
642
641
642
629
643
640
666
673
709
711
714
744
716
726
719
722
744
758
776
755
776
786
818
791
807
795
782
796
761
751
740
775
780
790
829
833
875
847
809
844
843
846
885
847
859
858
873
844
884
853
847
890
904
912
933
952
967
999
1007
980
994
1011
1027
1049
1005
988
1006
963
926
967
968
997
982
963
927
919
937
952
984
998
1015
1018
1030
1069
1049
1060
1108
1119
1120
1113
1137
1210
1215
1250
1262
1260
1239
1257
1287
1299
1302
1312
1324
1339
1330
1336
1363
1330
1337
1363
1381
1338
1339
1335
1374
1400
1423
1374
1369
1340
1356
1389
1413
1379
1392
1375
1353
1362
1367
1351
1343
1341
1358
1380
1368
1363
1377
1375
1398
1428
1423
1427
1453
1433
1423
1385
1403
1404
1391
1419
1410
1435
1395
1443
1420
1475
1497
1498
1520
1544
1515
1519
1551
1519
1532
1517
1535
1550
1527
1508
1493
1463
1461
1424
1447
1441
1479
1533
1502
1476
1457
1411
1479
1499
1482
1434
1492
1509
1497
1488
1447
1495
1533
1556
1582
1535
1571
1590
1581
1597
1570
1556
1517
1543
1565
1605
1612
1636
1620
1623
1657
1679
1691
1676
1666
1733
1814
1839
1851
1854
1871
1854
1839
1886
1912
1896
1925
1905
1940
1974
2001
1980
2005
2003
2016
1999
2034
2070
2075
2054
2086
2074
2162
2198
2188
2201
2249
2296
2303
2285
2309
2303
2302
2387
2374
2423
2464
2496
2517
2471
2584
2571
2583
2601
2611
2586
2557
2473
2463
2482
2520
2542
2532
2515
2513
2537
2497
2487
2519
2510
2526
2502
2557
2571
2586
2543
2530
2506
2524
2506
2496
2498
2535
2562
2586
2656
2708
2707
2757
2760
2836
2792
2782
2778
2768
2869
2870
2935
2931
2947
2936
2987
3002
2981
2978
3060
3037
3040
3088
3102
3124
3149
3255
3249
3284
3331
3364
3356
3371
3340
3355
3314
3345
3352
3368
3330
3323
3379
3429
3534
3464
3523
3610
3579
3618
3642
3526
3468
3487
3476
3540
3582
3550
3563
3546
3687
3732
3784
3834
3897
3981
3992
4071
4089
4086
4050
4043
4030
3984
3936
4003
4006
4023
3974
3946
3907
3930
3954
3971
4019
4093
4206
4111
4131
4159
4113
4072
3987
3975
3940
4013
4070
3991
3981
3876
3838
3893
3908
3882
3896
3888
3865
3948
3946
3928
3989
4059
3962
3971
3931
3865
3812
3817
3780
3745
3798
3868
3867
3919
3907
3949
3999
4018
4060
4118
4209
4198
4168
4242
4219
4202
4287
4213
4215
4298
4399
4451
4424
4444
4427
4513
4557
4520
4615
4651
4628
4695
4717
4766
4810
4885
4967
5031
5137
5080
5044
5027
4998
5013
5073
5079
5025
5053
5065
4987
4968
4944
5014
5063
5121
5269
5365
5345
5395
5375
5467
5485
5489
5601
5505
5520
5630
5585
5631
5677
5721
5726
5824
5777
5823
5796
5746
5775
5772
5794
5796
5846
5799
5840
5853
5840
5856
5917
5921
5913
6008
5973
5998
5942
5938
5959
5947
6002
6073
5966
5975
5956
5993
6127
6144
6237
6311
6295
6272
6245
6341
6283
6361
6478
6456
6443
6355
6453
6523
6575
6627
6664
6619
6632
6594
6624
6697
6649
6629
6705
6667
6589
6634
6595
6732
6779
6894
6905
6825
6719
6660
6653
6713
6679
6792
6803
6776
6789
6868
6936
6956
6898
6987
6960
6953
7106
7268
7347
7315
7433
7413
7423
7474
7556
7457
7431
7424
7408
7412
7443
7464
7544
7495
7490
7516
7503
7484
7578
7696
7758
7803
7806
7894
7880
7866
7801
7795
7877
7843
7787
7668
7672
7732
7786
7745
7664
7700
7783
7736
7723
7742
7727
7736
7661
7709
7681
7801
7903
7861
7762
7829
7831
7871
7933
7945
7914
7892
7931
7903
8012
8051
8077
8038
8049
8140
8218
8318
8361
8471
8459
8483
8577
8744
8745
8622
8697
8661
8684
8682
8697
8666
8723
8744
8799
8751
8801
8789
8696
8752
8572
8667
8631
8686
8716
8693
8899
8912
8891
8844
8888
8918
8934
8870
8851
8889
9024
9103
9148
9262
9325
9304
9439
9576
9548
9728
9775
9838
9893
9877
9841
9830
9738
9812
9709
9673
9765
9867
9833
10154
10224
10243
10228
10278
10435
10274
10274
10304
10296
10302
10211
10097
10096
10120
10186
10258
10166
10081
10028
10106
10089
10182
10344
10410
10352
10380
10458
10553
10587
10485
10520
10445
10557
10617
10520
10505
10486
10419
10389
10426
10453
10550
10498
10490
10637
10548
10577
10691
10730
10649
10721
10791
10817
10797
10888
11015
10959
11112
11118
11098
11003
11012
10970
10930
10984
11001
11003
10995
10944
10784
10876
10988
10848
10999
10912
10933
10863
10820
10855
10868
10909
10873
10914
10963
10996
11006
11028
11079
11136
11021
10932
10885
10897
10869
10839
10822
11025
11131
11092
11154
11195
11222
11314
11446
11426
11553
11545
11640
11665
11618
11574
11678
11622
11732
11883
11841
11837
11819
11760
11798
11725
11744
11848
11899
11865
11827
11971
12166
12115
12091
12058
12093
12047
12119
12052
11992
12058
11978
12012
11938
11870
11860
11932
11971
11888
11683
11561
11486
11585
11715
11773
11814
11710
11676
11832
11894
11949
11966
11969
12061
12172
12195
12170
12273
12412
12463
12446
12452
12435
12482
12580
12609
12664
12734
12808
12775
12810
12867
12914
12843
12863
12734
12811
12800
12769
12911
13183
13171
13202
13232
13243
13159
13134
13137
13152
13054
12936
13127
13224
13176
13254
13234
13305
13277
13278
13151
13162
13314
13359
13476
13439
13354
13383
13374
13390
13354
13374
13309
13350
13448
13534
13553
13603
13753
13817
13885
13898
13953
13943
13898
13990
13917
13901
13929
13997
13920
13890
13935
13914
13887
13973
14005
14108
14021
14170
14262
14293
14249
14324
14406
14512
14491
14546
14553
14530
14675
14708
14476
14578
14656
14577
14829
14814
14925
15110
15100
15155
15170
15205
15231
15166
15187
15133
15160
15055
15119
15162
15252
15180
15182
15317
15170
15283
15343
15345
15366
15408
15408
15394
15344
15379
15562
15662
15750
15831
15755
15707
15622
15668
15566
15637
15538
15550
15531
15433
15429
15674
15686
15862
15736
15641
15638
15676
15576
15687
15678
15739
15673
15590
15568
15514
15591
15613
15710
15702
15538
15659
15687
15718
15784
15837
16027
15997
15956
16010
16077
16189
16181
16224
16334
16344
16325
16365
16439
16538
16605
16760
16858
16846
16924
17135
17254
17140
17287
17306
17407
17392
17353
17380
17354
17289
17402
17494
17493
17599
17550
17651
17604
17641
17565
17431
17449
17422
17460
17424
17370
17405
17416
17494
17618
17459
17527
17538
17588
17608
17460
17474
17440
17609
17747
17774
17793
17869
17981
17961
18098
17981
18086
18227
18290
18308
18298
18167
18367
18337
18392
18486
18661
18785
18891
18811
18865
18794
18772
18549
18778
18798
18750
18846
18922
18819
18695
18696
18858
18870
18817
18873
18884
18863
18854
18866
18927
18759
18780
18834
18884
18918
19030
19070
19275
19343
19360
19516
19352
19263
19375
19261
19353
19208
19275
19380
19459
19470
19470
19294
19181
19250
19234
19213
19180
19098
19244
19097
18945
18888
18751
18720
18921
18956
19104
19429
19436
19378
19480
19512
19718
19716
19816
19724
19756
19844
19806
19971
19823
19929
19961
20035
20133
20140
20130
20194
20329
20323
20314
20391
20393
20310
20372
20279
20344
20159
20192
20425
20389
20609
20529
20530
20453
20477
20521
20426
20590
20685
20762
20863
20853
20720
20918
20772
20611
20408
20489
20417
20426
20542
20601
20444
20613
20720
20678
20840
20906
21071
21042
20984
21197
21527
21344
21406
21358
21495
21681
21915
21944
21987
22111
21988
21962
22014
21977
21913
21921
22110
22223
22319
22104
22368
22306
22228
22367
22419
22262
22316
22325
22375
22355
22447
22488
22373
22364
22331
22479
22693
22761
22684
22782
22738
23027
23232
23195
23104
23119
23195
23161
23162
23317
23444
23528
23760
24020
24312
24340
24376
24469
24630
24633
24692
24786
24654
24631
24746
24917
24973
25112
25260
25349
25382
25440
25446
25495
25599
25710
25705
25843
25841
25962
26043
25932
25887
26011
26117
26147
26077
25978
26077
25972
26033
25785
25862
25784
25939
25848
25872
25796
25793
25967
26015
26075
26135
26006
26221
26440
26428
26560
26330
26442
26452
26524
26630
26841
26697
26649
26827
26867
27175
26978
26826
26858
27046
27039
26947
27172
27249
27213
27355
27465
27359
27220
27252
27198
27250
27256
27262
27529
27644
27780
27452
27502
27663
27697
27739
27880
27860
27832
27625
27578
27600
27544
27520
27605
27695
27700
27490
27532
27638
27608
27779
27790
28036
28262
28444
28376
28441
28398
28761
28780
28939
29077
29326
29229
29129
28973
29012
28987
28964
29088
29226
29283
29237
29186
29055
28972
29042
29029
28812
28909
28921
28949
29012
29080
29247
29233
29204
29435
29638
29909
30049
30182
30397
30507
30601
30874
30826
30754
31023
31086
31073
31054
31158
31042
31327
31294
31148
31375
31460
31302
31518
31615
31744
31902
31850
31617
31839
31876
31894
32099
32201
32276
32340
32480
32326
32276
32279
32076
32151
32087
31942
32114
31949
32214
32089
32095
32037
32035
32222
32187
32408
32330
32484
32480
32463
32427
32435
32605
32485
32804
32766
32914
32927
33019
32852
33035
33194
33323
33564
33660
33698
33840
33812
33810
34058
34224
34023
34157
34231
34254
34503
34594
34714
34762
34908
34864
34957
35226
35344
35542
35564
35749
35742
36044
35907
35863
35752
35778
35547
35399
35375
35505
35713
35542
35810
35965
36040
36058
35908
35811
35869
35852
35830
36131
36085
36003
36137
36266
36402
36510
36521
36589
36447
36458
36389
36476
36540
36475
36596
36577
36671
36787
37012
36914
37030
37066
37273
37345
37191
37389
37375
37415
37618
37482
37610
37722
37626
37531
37525
37607
37642
37795
38020
38276
38154
38379
38403
38449
38491
38466
38631
38621
38654
38744
38597
38415
38327
38347
38649
38642
38770
39024
38905
38902
39150
39216
39372
39147
39205
39290
39379
39401
39514
39491
39411
39560
39489
39475
39449
39238
39590
39577
39514
39486
39658
39506
39544
39660
39675
39468
39508
39560
39598
39692
39721
39904
39818
39960
39858
39983
40213
40095
40293
40109
39901
39975
39915
39871
39951
39906
39940
39920
39877
40051
40168
40254
40224
40163
40172
40020
39909
40103
40046
40124
40095
40274
39945
40068
40074
40307
40465
40646
40569
40383
40462
40553
40570
41028
41242
41421
41572
41831
41859
41888
41988
41988
42095
41953
42232
42153
42229
41981
41986
42147
42174
42150
42083
42242
42146
42299
42396
42425
42641
42825
42907
42854
42795
42895
43162
42926
42943
42957
43010
43293
43242
43242
43231
43376
43300
43436
43242
43285
43533
43532
43551
43669
44029
43948
43905
43974
43805
43829
43924
44039
44104
44146
44177
44273
44630
44747
44866
44609
44661
44924
44947
45085
45025
44855
45305
45568
45727
45800
45763
45767
46014
46010
46023
46087
46124
46065
45775
45736
45592
45740
45639
45620
45686
45673
45760
45896
46109
46119
46512
46775
47151
47460
47464
47312
47232
47202
47309
47385
47487
47333
47368
47488
47643
47778
47776
47856
47957
47973
48036
47954
47998
48311
48584
48437
48563
48621
48536
48648
49099
49298
49269
49140
49148
49327
49329
49406
49416
49884
50014
50109
50154
50313
50290
50513
50441
50426
50224
50241
50084
50227
50537
50370
50280
50385
50610
50614
50576
50453
50426
50391
50664
50768
50579
50429
50422
50468
50449
50692
50790
50828
50862
50834
51006
50906
50972
51101
51128
51072
50951
50943
50995
50991
50756
50669
50627
50650
50854
50794
50848
50649
50336
50508
50513
50646
50727
50802
51177
51224
51075
50875
50928
51182
51287
51458
51503
51643
51550
51323
51264
51111
51023
51192
51273
51100
51190
51329
51558
51800
51873
52056
52156
52569
52699
52689
52574
52629
52774
52791
52944
53325
53517
53919
54052
54185
54348
54324
54474
54435
54528
54563
54545
54684
54516
54676
54496
54561
54651
55063
54817
54873
54787
55143
55027
54823
55020
54826
54994
55005
54903
54831
54775
55021
55116
55132
54945
54760
54679
54541
54612
54623
54721
54735
54958
55097
55312
55361
55249
55510
55753
55748
55739
55978
55946
56099
55683
55716
55723
55556
55526
55455
55370
55238
55371
55593
55530
55619
55778
56012
55912
56076
56262
56170
56039
56160
56197
56231
56211
55989
55811
55570
55277
55325
55582
55818
56153
56113
56355
56268
56342
56458
56344
56515
56361
56444
56546
56775
56908
56537
56593
56674
56632
56636
56649
56821
57228
57261
57447
57560
57658
57735
57853
58020
58131
58157
58339
58121
58187
58270
58023
58099
58198
58139
58361
58459
58507
58521
58461
58649
58597
58498
58541
58662
58764
58695
58780
58668
58469
58486
58682
58597
58935
59317
59488
59575
59615
59701
59631
59631
59615
59560
59559
59862
60166
60305
60226
60388
60410
60366
60474
60743
60876
61038
61214
61185
60985
60973
61024
60893
60903
61119
61326
61114
61187
61272
61229
61243
61557
61783
61991
61981
62196
61977
62049
62003
62052
61986
62047
61915
61838
61929
62063
62240
62103
62085
62126
61935
62114
62042
62106
62308
62232
62365
62362
62186
62196
62406
62584
62694
62848
62636
62310
62455
62379
62396
62429
62589
62657
63121
63210
63301
63042
63025
62912
62978
63011
62731
63131
63066
63107
62993
63385
63348
63411
63609
63644
63713
63604
63538
63659
63774
63652
63781
63556
63632
63381
63583
63535
63625
64021
64302
64402
64205
64098
64225
64032
63996
64153
64028
64282
64593
64769
65023
65170
64987
65155
65339
65815
65785
66051
66245
66586
66748
67057
67269
67313
67247
67129
67289
67146
66988
67422
67267
67117
66874
66928
66893
66858
66745
66708
67065
66790
67066
66928
66806
66827
66562
66631
66544
66591
66671
67079
67056
67050
67119
67091
66867
67031
67196
67201
67415
67350
67295
67268
67675
67672
67522
67418
67621
67937
68583
68515
68442
68511
68658
68363
68732
68957
69138
69164
69464
69648
69647
69787
69875
69868
69637
69631
69762
70210
70556
70443
70242
70652
70742
70833
71188
71107
71007
71013
71416
71349
71146
70879
70788
70930
71053
71119
71368
71581
71645
71330
71292
71574
72152
72089
72337
72129
72008
72281
72178
72468
72535
72836
72955
72869
72800
72945
73077
73181
73367
73543
73642
74086
74429
74659
74432
74488
74668
74661
74815
74754
74726
74557
74559
74344
74285
74648
74586
74709
74614
74706
74576
74687
75161
75391
75543
75811
75869
76212
76444
76730
76535
76461
76557
76650
76446
76642
76510
76712
76412
76403
76352
76345
76423
76143
76032
76066
76174
76215
76189
76204
76211
75875
76012
75872
75762
76031
75862
75896
75787
75624
75589
75460
75249
75079
74893
74711
74779
74462
74361
74375
74547
74616
74789
75275
75231
75200
75307
75714
75829
75925
75889
75804
75832
75566
75778
75640
75834
75808
75963
76145
76204
76276
76258
76229
76231
76417
76568
76155
76140
76405
76421
76363
76491
76758
76921
76826
77067
77432
77776
78047
78270
78632
78863
78955
79039
78868
78996
79084
78973
79135
79353
79883
79654
79850
79797
79915
79968
79876
79924
80077
80169
80163
80326
80577
80399
80392
80593
80880
81096
81116
81170
81323
81522
81654
81929
81947
81960
82145
82242
82341
82571
82416
82561
82911
82812
82721
82749
83050
83154
82954
82753
82761
82820
83065
83367
83614
83881
83865
83689
83800
83685
83804
83789
83903
83873
84154
84510
84426
84539
84416
84505
84332
84332
84650
84677
84756
84865
85027
85150
85129
84895
84637
84786
85034
85341
85396
85393
85442
85591
85611
85628
85582
85643
85947
86422
86750
86635
86552
86424
86439
86558
86482
86270
86304
86071
86183
86350
86073
85811
85434
85382
85830
86106
86056
86718
86994
87001
87020
87129
87351
87100
86935
86686
86940
86852
86903
87083
87418
87550
87331
87469
87089
87138
87531
87859
88075
88410
89035
89199
89783
89766
89817
90129
89892
90066
90487
90495
90253
90020
90168
90231
90285
90116
90182
90360
90931
90999
91158
91357
91599
91986
91979
91783
91720
91614
91739
91702
92203
92226
92215
92505
92488
92589
92483
92700
92440
92831
92942
93143
93139
93039
93223
93002
93122
93160
93369
93498
93231
93337
93467
93571
93673
93693
93644
93458
93368
93665
93515
93512
93806
93607
93714
93833
94280
94382
94468
94513
94427
94665
94593
94594
94573
94369
94474
94492
94563
94439
94813
94656
94640
94837
95007
95249
95144
95151
94997
95070
95396
95428
95381
96036
96112
96062
95971
96400
96705
96625
97101
97121
97195
97060
96840
96948
96859
96990
96957
97316
97162
97033
97434
97437
97641
97583
97496
97159
97397
97542
97700
97853
98335
97921
98091
98157
98169
98402
98618
99045
98859
99127
99430
99827
99684
99799
99783
99626
99941
99633
99627
99784
100361
100473
100577
100794
100981
101052
100929
100868
101023
101278
101242
101161
101418
101391
101447
101312
101296
101296
101237
101239
101171
101128
101304
101126
101061
101257
101288
101277
101240
100877
101151
101029
100995
100343
100233
100199
100345
100560
100733
100628
100916
101180
101391
101355
101597
101812
102319
102517
102561
102505
102897
102986
102763
103005
102969
103286
103376
103460
103810
103784
104143
104500
104812
104494
104935
105099
105140
105228
105322
105384
105268
105789
105500
105258
105245
105159
105122
104875
104880
105059
104792
104908
104538
104640
104461
104333
104729
104857
104807
105113
105151
105051
105033
105011
104858
104738
104959
105137
105340
105448
105024
105286
105480
105778
105603
105703
105949
106031
106499
106180
106384
106479
106466
106574
107116
106869
107140
106989
107280
107716
107985
107655
107680
107399
107531
107626
107691
108167
108389
108362
108308
108394
108441
108587
108755
108877
108805
108787
109246
109387
109589
109708
110041
110296
110690
110881
111102
111234
111401
111307
111425
111588
111707
112013
111962
112113
112484
112989
113271
113004
113149
113466
113307
113653
113659
114070
114589
114711
114597
114734
114796
114876
114786
115110
115017
115114
115522
115634
116206
116606
116761
116934
116839
116843
116834
117098
116709
116959
116867
116488
116691
116872
116654
116618
116460
116271
116491
116786
116956
116844
116865
116992
117179
116826
117188
117271
117718
117217
117516
117714
118321
118743
118646
118520
118718
119176
119396
119207
119651
119819
120053
120122
119979
119723
119657
119444
119832
119922
120256
120495
120234
120027
119914
119959
120019
119568
119355
119216
119392
119880
120111
120327
120436
120710
120828
121158
121284
121396
121872
121830
122053
122060
121803
122119
122232
122302
121990
122129
122040
121917
121993
122099
122272
122080
121956
122489
122607
122971
123464
122723
122861
122555
122409
122595
122528
122953
123089
123332
123466
123420
123165
123570
123768
124020
124005
124067
124567
124588
124387
124310
124410
124223
124653
124766
124939
125165
125520
125170
125569
125910
126151
126661
126654
126738
126751
126537
126662
126504
126751
126865
127297
127559
127555
128195
128131
128289
128551
128508
128686
128548
128627
128594
128830
128945
129214
129668
129571
129387
129333
129235
128916
129342
129625
129491
129501
129483
129819
129500
129787
129818
129965
129958
129928
130011
129503
129564
129856
129277
129311
129297
129341
129510
129801
129834
129633
129846
129850
130035
130132
130103
130251
130404
130193
129488
129301
129441
129427
129614
129311
129443
129098
129649
129271
129375
129519
129557
129161
129969
130111
129886
129663
129702
129817
129820
129773
130073
130182
130272
130692
130985
130961
131211
131156
130985
130760
130755
130975
130956
131285
131236
130930
131267
131658
131797
131697
131999
131876
132494
132672
132404
132331
132030
132335
132704
132968
133123
132698
133120
133300
133664
133770
134144
134188
134132
134310
134785
134793
134378
134137
133820
134164
134436
134638
134631
134544
134482
134635
134810
135085
135049
134632
134825
134688
135130
135237
135495
135181
134909
135556
135526
135737
135741
135756
135811
135919
135715
136072
135975
135723
135905
136035
136617
136895
137012
136764
137291
137666
137942
137560
137956
137757
137810
137731
137428
137465
137499
137861
138373
138240
138504
138711
138478
138541
138447
138170
138749
138890
138923
138988
139049
138851
138910
139275
139656
139898
140447
140355
140238
140407
140143
140459
140938
140907
140698
140833
140633
140654
141069
141376
141482
141622
141064
141263
141462
141301
141634
142145
142266
142344
142573
142833
143481
143818
143680
143960
143957
143982
143972
