1024
486 508 10
493 497 10
496 494 10
497 491 10
498 521 10
498 525 10
499 489 10
499 497 10
499 506 10
499 521 10
499 522 10
499 523 10
499 524 10
499 525 10
500 490 10
500 495 10
500 496 10
500 497 10
500 500 10
500 501 10
500 511 10
500 522 10
500 523 10
501 488 10
501 491 10
501 492 10
501 496 10
501 497 10
501 498 10
501 500 10
501 501 10
501 502 10
501 508 10
501 517 10
501 518 10
501 519 10
501 522 10
501 523 10
502 490 10
502 492 10
502 493 10
502 494 10
502 496 10
502 497 10
502 501 10
502 510 10
502 519 10
502 520 10
502 522 10
503 488 10
503 499 10
503 500 10
503 503 10
503 509 10
503 512 10
503 516 10
503 517 10
503 518 10
503 520 10
503 522 10
504 489 10
504 491 10
504 492 10
504 494 10
504 495 10
504 498 10
504 503 10
504 506 10
504 507 10
504 511 10
504 515 10
504 521 10
504 522 10
505 489 10
505 493 10
505 496 10
505 497 10
505 499 10
505 506 10
505 508 10
505 509 10
505 515 10
505 516 10
505 517 10
506 485 10
506 487 10
506 506 10
506 509 10
506 512 10
506 513 10
506 518 10
506 519 10
506 521 10
507 488 10
507 490 10
507 515 10
507 516 10
507 517 10
507 520 10
508 492 10
508 515 10
508 516 10
508 518 10
508 519 10
508 520 10
509 487 10
509 490 10
509 491 10
509 492 10
509 506 10
509 507 10
509 508 10
509 510 10
509 511 10
509 518 10
509 519 10
509 520 10
509 525 10
509 527 10
510 501 10
510 508 10
510 509 10
510 510 10
510 512 10
510 514 10
510 520 10
510 525 10
510 527 10
511 488 10
511 489 10
511 496 10
511 500 10
511 501 10
511 502 10
511 503 10
511 505 10
511 507 10
511 508 10
511 510 100000
511 512 10
511 518 10
511 528 10
511 529 10
511 530 10
512 493 10
512 498 10
512 508 10
512 510 10
512 511 10
512 515 10
512 518 10
512 521 10
512 525 10
512 526 10
512 528 10
513 488 10
513 491 10
513 497 10
513 501 10
513 502 10
513 506 10
513 508 10
513 510 10
513 511 10
513 516 10
513 530 10
514 488 10
514 491 10
514 495 10
514 498 10
514 499 10
514 501 10
514 507 10
514 510 10
514 511 10
514 512 10
514 513 10
514 514 10
514 515 10
514 516 10
514 517 10
514 519 10
514 523 10
514 531 10
515 489 10
515 491 10
515 493 10
515 494 10
515 497 10
515 498 10
515 502 10
515 503 10
515 504 10
515 505 10
515 506 10
515 507 10
515 509 10
515 510 10
515 511 10
515 513 10
515 514 10
515 515 10
515 518 10
516 487 10
516 493 10
516 498 10
516 500 10
516 501 10
516 503 10
516 511 10
516 513 10
516 514 10
516 515 10
516 516 10
516 518 10
517 492 10
517 498 10
517 499 10
517 504 10
517 509 10
517 512 10
517 513 10
517 515 10
517 518 10
518 489 10
518 492 10
518 498 10
518 500 10
518 501 10
518 503 10
518 512 10
519 507 10
519 508 10
519 509 10
519 510 10
519 514 10
519 515 10
519 516 10
519 518 10
519 519 10
520 493 10
520 494 10
520 498 10
520 506 10
520 509 10
520 510 10
520 513 10
520 516 10
520 517 10
521 494 10
521 500 10
521 504 10
521 506 10
521 515 10
521 518 10
521 519 10
522 497 10
522 504 10
522 505 10
522 512 10
522 514 10
523 502 10
523 503 10
523 505 10
523 506 10
523 510 10
523 511 10
523 512 10
523 513 10
523 514 10
523 515 10
523 517 10
523 518 10
524 502 10
524 504 10
524 505 10
524 506 10
525 502 10
525 503 10
525 506 10
525 512 10
525 518 10
526 497 10
526 504 10
526 508 10
526 512 10
527 499 10
527 506 10
527 507 10
527 508 10
527 514 10
528 499 10
528 501 10
528 502 10
528 504 10
529 501 10
529 508 10
530 500 10
530 501 10
