1024
478 500 10
479 518 10
479 520 10
479 521 10
479 522 10
480 515 10
481 506 10
481 520 10
482 506 10
482 514 10
482 517 10
483 503 10
483 504 10
483 505 10
483 508 10
483 509 10
483 515 10
483 516 10
484 505 10
484 506 10
484 507 10
484 508 10
484 510 10
484 515 10
484 518 10
485 504 10
485 507 10
485 508 10
485 510 10
485 516 10
485 522 10
486 505 10
486 506 10
486 512 10
486 513 10
486 516 10
486 518 10
486 520 10
487 503 10
487 504 10
487 507 10
487 508 10
487 515 10
487 516 10
487 517 10
487 521 10
487 522 10
488 507 10
488 509 10
488 511 10
488 512 10
488 513 10
488 520 10
488 521 10
488 522 10
489 504 10
489 513 10
489 514 10
489 515 10
489 519 10
489 520 10
489 522 10
490 516 10
490 518 10
491 498 10
491 499 10
491 514 10
491 516 10
491 517 10
491 520 10
492 514 10
492 515 10
493 505 10
493 508 10
493 513 10
493 518 10
494 510 10
494 515 10
494 519 10
495 506 10
495 516 10
495 517 10
496 508 10
497 491 10
497 493 10
497 495 10
497 509 10
497 511 10
497 528 10
498 494 10
498 497 10
498 501 10
498 502 10
498 526 10
499 488 10
499 489 10
499 493 10
499 494 10
499 495 10
499 498 10
499 512 10
499 514 10
499 515 10
499 524 10
499 525 10
499 526 10
500 491 10
500 492 10
500 493 10
500 499 10
500 500 10
500 501 10
500 502 10
500 510 10
500 515 10
500 523 10
500 524 10
500 527 10
501 488 10
501 490 10
501 493 10
501 494 10
501 496 10
501 497 10
501 498 10
501 500 10
501 501 10
501 512 10
501 513 10
501 515 10
501 516 10
501 526 10
501 531 10
502 490 10
502 491 10
502 492 10
502 493 10
502 494 10
502 497 10
502 512 10
502 514 10
502 515 10
502 518 10
502 528 10
503 486 10
503 490 10
503 492 10
503 493 10
503 494 10
503 495 10
503 497 10
503 501 10
503 503 10
503 514 10
503 516 10
503 525 10
504 491 10
504 495 10
504 496 10
504 497 10
504 498 10
504 500 10
504 513 10
504 514 10
504 529 10
505 492 10
505 493 10
505 497 10
505 501 10
505 503 10
505 510 10
505 511 10
505 512 10
505 513 10
505 515 10
505 516 10
505 517 10
505 518 10
505 520 10
505 524 10
505 525 10
506 490 10
506 492 10
506 495 10
506 503 10
506 513 10
506 515 10
506 518 10
506 519 10
506 526 10
506 527 10
506 529 10
507 497 10
507 499 10
507 502 10
507 503 10
507 505 10
507 513 10
507 518 10
507 520 10
507 521 10
507 522 10
507 523 10
507 524 10
507 529 10
508 491 10
508 492 10
508 495 10
508 496 10
508 497 10
508 504 10
508 510 10
508 513 10
508 515 10
508 517 10
508 518 10
508 519 10
508 521 10
508 523 10
508 525 10
509 492 10
509 493 10
509 496 10
509 510 10
509 512 10
509 514 10
509 515 10
509 520 10
509 521 10
509 522 10
509 523 10
509 526 10
509 528 10
510 493 10
510 498 10
510 508 10
510 510 10
510 512 10
510 513 10
510 514 10
510 515 10
510 516 10
510 517 10
510 519 10
510 522 10
510 524 10
511 488 10
511 491 10
511 493 10
511 494 10
511 502 10
511 507 10
511 509 10
511 510 10
511 511 10
511 512 10
511 515 10
511 516 10
511 518 10
511 519 10
511 520 10
511 522 10
512 494 10
512 496 10
512 508 10
512 510 10
512 511 10
512 512 10
512 514 10
512 516 10
512 522 10
512 523 10
512 525 10
512 527 10
512 529 10
513 492 10
513 495 10
513 507 10
513 508 10
513 509 10
513 510 10
513 511 10
513 512 10
513 513 10
513 516 10
513 517 10
513 518 10
513 519 10
513 521 10
513 522 10
513 523 10
513 526 10
514 490 10
514 495 10
514 497 10
514 500 10
514 505 10
514 507 10
514 508 10
514 509 10
514 510 10
514 512 10
514 513 10
514 514 100000
514 515 10
514 519 10
514 520 10
514 521 10
514 524 10
515 491 10
515 495 10
515 496 10
515 497 10
515 498 10
515 499 10
515 500 10
515 502 10
515 505 10
515 509 10
515 510 10
515 511 10
515 513 10
515 514 10
515 515 10
515 516 10
515 519 10
515 521 10
515 523 10
516 493 10
516 495 10
516 496 10
516 498 10
516 499 10
516 500 10
516 501 10
516 504 10
516 505 10
516 506 10
516 507 10
516 508 10
516 509 10
516 510 10
516 512 10
516 514 10
516 517 10
516 518 10
516 523 10
516 524 10
516 526 10
516 528 10
517 490 10
517 492 10
517 493 10
517 494 10
517 495 10
517 497 10
517 498 10
517 499 10
517 500 10
517 501 10
517 503 10
517 504 10
517 506 10
517 508 10
517 510 10
517 512 10
517 514 10
517 515 10
517 516 10
517 517 10
517 518 10
517 519 10
517 521 10
517 525 10
517 528 10
517 531 10
517 532 10
518 495 10
518 497 10
518 499 10
518 502 10
518 503 10
518 504 10
518 505 10
518 506 10
518 507 10
518 508 10
518 509 10
518 512 10
518 513 10
518 514 10
518 517 10
518 518 10
518 522 10
518 523 10
518 525 10
518 526 10
519 489 10
519 494 10
519 495 10
519 496 10
519 497 10
519 498 10
519 501 10
519 502 10
519 503 10
519 504 10
519 506 10
519 510 10
519 516 10
519 518 10
519 519 10
519 521 10
519 522 10
519 524 10
519 525 10
519 526 10
519 528 10
520 494 10
520 495 10
520 496 10
520 498 10
520 499 10
520 501 10
520 502 10
520 506 10
520 508 10
520 509 10
520 510 10
520 516 10
520 517 10
520 519 10
520 521 10
520 525 10
520 531 10
521 490 10
521 491 10
521 493 10
521 494 10
521 495 10
521 496 10
521 497 10
521 501 10
521 502 10
521 504 10
521 505 10
521 506 10
521 507 10
521 508 10
521 509 10
521 510 10
521 514 10
521 516 10
521 517 10
521 518 10
521 519 10
521 520 10
521 521 10
521 523 10
521 524 10
521 525 10
521 527 10
521 530 10
521 532 10
522 494 10
522 495 10
522 496 10
522 497 10
522 499 10
522 503 10
522 506 10
522 509 10
522 510 10
522 511 10
522 515 10
522 517 10
522 518 10
522 519 10
522 521 10
522 527 10
522 529 10
523 493 10
523 498 10
523 499 10
523 501 10
523 502 10
523 510 10
523 514 10
523 515 10
523 516 10
523 517 10
523 518 10
523 520 10
523 523 10
523 524 10
523 525 10
524 491 10
524 500 10
524 513 10
524 516 10
524 517 10
524 518 10
524 520 10
524 521 10
524 528 10
525 493 10
525 494 10
525 496 10
525 497 10
525 498 10
525 499 10
525 500 10
525 501 10
525 513 10
525 516 10
525 521 10
525 522 10
525 523 10
525 525 10
526 515 10
526 522 10
527 498 10
527 503 10
527 520 10
527 523 10
528 498 10
528 515 10
528 516 10
528 517 10
528 520 10
528 525 10
529 497 10
529 499 10
529 501 10
529 503 10
529 515 10
529 516 10
529 518 10
529 519 10
529 524 10
529 526 10
530 486 10
530 487 10
530 488 10
530 499 10
530 518 10
530 522 10
530 524 10
530 526 10
531 485 10
531 489 10
531 516 10
531 517 10
531 518 10
531 526 10
532 500 10
532 501 10
532 502 10
532 522 10
533 520 10
534 499 10
534 500 10
