1024
458 523 10
459 520 10
459 521 10
460 518 10
461 516 10
461 520 10
463 517 10
463 519 10
463 527 10
463 532 10
463 533 10
463 537 10
463 539 10
464 518 10
464 521 10
464 523 10
464 525 10
464 528 10
464 535 10
464 536 10
464 537 10
465 519 10
465 523 10
465 526 10
465 533 10
465 534 10
465 535 10
465 536 10
466 518 10
466 520 10
466 525 10
466 526 10
466 530 10
466 531 10
466 533 10
466 534 10
467 518 10
467 524 10
467 530 10
467 531 10
468 517 10
468 522 10
468 526 10
468 528 10
468 530 10
468 531 10
468 538 10
468 539 10
469 520 10
469 521 10
469 526 10
469 531 10
470 517 10
470 526 10
470 533 10
470 534 10
470 535 10
470 541 10
470 542 10
470 543 10
471 518 10
471 520 10
471 523 10
471 525 10
471 526 10
471 527 10
471 530 10
471 531 10
471 534 10
471 541 10
471 543 10
471 544 10
472 515 10
472 516 10
472 535 10
472 544 10
473 517 10
473 523 10
473 525 10
473 526 10
473 527 10
473 528 10
473 530 10
473 531 10
473 532 10
473 535 10
473 537 10
473 540 10
473 541 10
473 542 10
473 543 10
474 517 10
474 526 10
474 530 10
474 531 10
474 532 10
474 534 10
474 540 10
475 515 10
475 518 10
475 519 10
475 520 10
475 522 10
475 523 10
475 524 10
475 526 10
475 528 10
475 530 10
475 531 10
475 532 10
475 534 10
475 536 10
475 542 10
475 543 10
475 544 10
476 516 10
476 523 10
476 531 10
477 520 10
477 521 10
477 529 10
477 532 10
477 535 10
477 537 10
477 539 10
477 541 10
477 544 10
478 519 10
478 522 10
478 523 10
478 528 10
478 532 10
478 535 10
478 537 10
478 539 10
478 540 10
478 541 10
478 542 10
478 548 10
479 512 10
479 526 10
479 533 10
479 536 10
479 537 10
479 543 10
480 513 10
480 514 10
480 521 10
480 530 10
480 531 10
480 532 10
480 534 10
480 535 10
480 538 10
480 539 10
480 541 10
481 532 10
481 535 10
481 539 10
482 538 10
482 539 10
483 489 10
483 502 10
483 512 10
483 515 10
483 535 10
483 538 10
484 499 10
484 502 10
484 510 10
484 511 10
484 530 10
484 532 10
484 533 10
484 534 10
484 536 10
485 501 10
485 506 10
485 508 10
485 512 10
485 513 10
485 518 10
485 527 10
485 528 10
485 529 10
485 530 10
485 535 10
485 538 10
486 491 10
486 492 10
486 499 10
486 501 10
486 503 10
486 505 10
486 511 10
486 512 10
486 514 10
486 515 10
486 527 10
486 530 10
486 532 10
486 534 10
486 537 10
486 538 10
486 539 10
486 540 10
487 499 10
487 501 10
487 502 10
487 503 10
487 506 10
487 509 10
487 510 10
487 512 10
487 513 10
487 517 10
487 518 10
487 519 10
487 521 10
487 522 10
487 523 10
487 527 10
487 529 10
487 530 10
487 535 10
487 537 10
487 539 10
488 491 10
488 492 10
488 493 10
488 494 10
488 501 10
488 504 10
488 508 10
488 509 10
488 511 10
488 513 10
488 514 10
488 515 10
488 517 10
488 518 10
488 520 10
488 522 10
488 524 10
488 525 10
488 528 10
488 529 10
488 531 10
488 532 10
488 535 10
488 536 10
488 537 10
489 489 10
489 494 10
489 495 10
489 501 10
489 507 10
489 509 10
489 510 10
489 511 10
489 516 10
489 517 10
489 518 10
489 520 10
489 522 10
489 523 10
489 524 10
489 526 10
489 528 10
489 529 10
489 531 10
489 532 10
489 537 10
490 492 10
490 494 10
490 496 10
490 501 10
490 509 10
490 512 10
490 518 10
490 520 10
490 523 10
490 524 10
490 530 10
490 531 10
490 535 10
490 536 10
490 540 10
491 495 10
491 512 10
491 513 10
491 514 10
491 515 10
491 517 10
491 522 10
491 527 10
491 528 10
491 530 10
491 534 10
491 536 10
491 538 10
491 539 10
492 490 10
492 512 10
492 513 10
492 514 10
492 515 10
492 516 10
492 519 10
492 521 10
492 523 10
492 524 10
492 530 10
492 535 10
492 537 10
492 539 10
492 540 10
492 541 10
492 542 10
493 490 10
493 492 10
493 494 10
493 496 10
493 497 10
493 505 10
493 514 10
493 515 10
493 521 10
493 524 10
493 526 10
493 527 10
493 538 10
493 539 10
493 543 10
494 494 10
494 504 10
494 513 10
494 516 10
494 519 10
494 521 10
494 533 10
494 535 10
494 536 10
494 538 10
494 539 10
494 540 10
494 541 10
495 494 10
495 509 10
495 519 10
495 520 10
495 521 10
495 527 10
495 530 10
495 533 10
495 534 10
495 539 10
495 541 10
495 546 10
495 547 10
496 497 10
496 501 10
496 503 10
496 508 10
496 512 10
496 513 10
496 514 10
496 517 10
496 518 10
496 519 10
496 520 10
496 522 10
496 527 10
496 528 10
496 529 10
496 535 10
496 539 10
496 541 10
496 546 10
496 549 10
497 499 10
497 501 10
497 503 10
497 505 10
497 506 10
497 508 10
497 509 10
497 510 10
497 511 10
497 514 10
497 516 10
497 517 10
497 518 10
497 524 10
497 528 10
497 530 10
497 538 10
497 539 10
497 546 10
498 500 10
498 502 10
498 505 10
498 508 10
498 513 10
498 516 10
498 517 10
498 520 10
498 522 10
498 523 10
498 524 10
498 525 10
498 526 10
498 530 10
498 531 10
498 532 10
498 533 10
498 534 10
499 495 10
499 497 10
499 498 10
499 500 10
499 503 10
499 504 10
499 506 10
499 507 10
499 508 10
499 509 10
499 510 10
499 511 10
499 513 10
499 514 10
499 515 10
499 517 10
499 518 10
499 519 10
499 520 10
499 522 10
499 523 10
499 525 10
499 526 10
499 527 10
499 528 10
499 529 10
499 532 10
499 533 10
499 535 10
499 536 10
499 537 10
499 547 10
500 490 10
500 492 10
500 493 10
500 495 10
500 499 10
500 502 10
500 503 10
500 506 10
500 507 10
500 508 10
500 515 10
500 520 10
500 521 10
500 522 10
500 523 10
500 524 10
500 525 10
500 526 10
500 531 10
500 532 10
500 536 10
500 537 10
500 543 10
500 545 10
501 483 10
501 490 10
501 492 10
501 493 10
501 499 10
501 506 10
501 507 10
501 509 10
501 510 10
501 511 10
501 513 10
501 519 10
501 521 10
501 523 10
501 524 10
501 525 10
501 526 10
501 527 10
501 531 10
501 532 10
501 533 10
501 534 10
501 536 10
502 487 10
502 490 10
502 492 10
502 498 10
502 501 10
502 507 10
502 511 10
502 516 10
502 519 10
502 520 10
502 524 10
502 525 10
502 527 10
502 534 10
502 542 10
503 496 10
503 497 10
503 498 10
503 501 10
503 507 10
503 508 10
503 512 10
503 520 10
503 522 10
503 525 10
503 526 10
503 533 10
503 537 10
503 539 10
503 541 10
504 488 10
504 496 10
504 509 10
504 511 10
504 512 10
504 515 10
504 516 10
504 517 10
504 518 10
504 520 10
504 521 10
504 532 10
504 534 10
504 535 10
504 536 10
505 485 10
505 490 10
505 507 10
505 509 10
505 511 10
505 515 10
505 516 10
505 520 10
505 523 10
505 538 10
505 541 10
506 488 10
506 499 10
506 505 10
506 512 10
506 513 10
506 514 10
506 515 10
506 519 10
506 520 10
506 521 10
506 522 10
506 532 10
506 533 10
506 535 10
506 537 10
506 539 10
507 483 10
507 485 10
507 487 10
507 488 10
507 506 10
507 507 10
507 508 10
507 509 10
507 510 10
507 511 10
507 512 10
507 513 10
507 521 10
507 526 10
507 527 10
507 531 10
507 532 10
507 533 10
507 536 10
507 540 10
507 542 10
507 543 10
508 476 10
508 490 10
508 492 10
508 495 10
508 506 10
508 509 10
508 511 10
508 512 10
508 514 10
508 515 10
508 518 10
508 519 10
508 521 10
508 526 10
508 529 10
508 533 10
508 534 10
508 537 10
509 476 10
509 478 10
509 481 10
509 483 10
509 487 10
509 488 10
509 489 10
509 492 10
509 498 10
509 509 10
509 511 10
509 515 10
509 519 10
509 520 10
509 524 10
509 527 10
509 531 10
509 533 10
509 536 10
509 537 10
509 538 10
509 539 10
509 541 10
510 473 10
510 475 10
510 487 10
510 491 10
510 495 10
510 496 10
510 523 10
510 530 10
510 531 10
510 533 10
510 535 10
510 540 10
510 541 10
510 542 10
511 487 10
511 507 10
511 508 10
511 512 10
511 514 10
511 527 10
511 530 10
511 531 10
511 534 10
511 535 10
511 536 10
511 537 10
511 538 10
511 540 10
511 545 10
512 486 10
512 494 10
512 505 10
512 510 10
512 525 10
512 529 10
512 533 10
512 534 10
512 535 10
512 537 10
512 538 10
512 544 10
512 547 10
513 486 10
513 488 10
513 493 10
513 506 10
513 507 10
513 509 10
513 510 10
513 525 10
513 529 10
513 531 10
513 537 10
513 541 10
513 542 10
514 492 10
514 493 10
514 494 10
514 503 10
514 505 10
514 507 10
514 508 10
514 509 10
514 511 10
514 512 10
514 513 10
514 515 10
514 516 10
514 529 10
514 530 10
514 531 10
514 532 10
514 534 10
514 535 10
514 538 10
515 491 10
515 499 10
515 505 10
515 509 10
515 510 10
515 511 10
515 512 10
515 524 10
515 529 10
515 532 10
515 534 10
515 535 10
515 537 10
515 538 10
515 540 10
516 489 10
516 491 10
516 500 10
516 504 10
516 505 10
516 506 10
516 508 10
516 510 10
516 514 10
516 518 10
516 527 10
516 529 10
516 530 10
516 533 10
517 505 10
517 506 10
517 507 10
517 509 10
517 510 10
517 512 10
517 513 10
517 516 10
517 521 10
517 522 10
517 527 10
517 536 10
518 506 10
518 507 10
518 508 10
518 511 10
518 513 10
518 515 10
518 520 10
518 522 10
518 527 10
518 531 10
518 534 10
518 535 10
518 536 10
518 538 10
518 540 10
518 542 10
519 504 10
519 508 10
519 509 10
519 511 10
519 517 10
519 527 10
519 528 10
519 531 10
519 534 10
519 536 10
519 537 10
519 538 10
520 493 10
520 504 10
520 508 10
520 509 100000
520 510 10
520 512 10
520 516 10
520 519 10
520 528 10
520 529 10
520 536 10
520 538 10
520 540 10
521 488 10
521 490 10
521 509 10
521 514 10
521 515 10
521 517 10
521 526 10
521 527 10
521 530 10
521 531 10
521 534 10
521 536 10
521 537 10
521 538 10
522 506 10
522 508 10
522 512 10
522 513 10
522 525 10
522 526 10
522 527 10
522 528 10
522 529 10
522 532 10
522 539 10
523 488 10
523 489 10
523 501 10
523 509 10
523 512 10
523 519 10
523 525 10
523 527 10
523 530 10
523 531 10
523 534 10
523 535 10
523 537 10
523 539 10
523 541 10
523 544 10
523 545 10
524 502 10
524 506 10
524 507 10
524 511 10
524 515 10
524 519 10
524 524 10
524 526 10
524 527 10
524 530 10
524 534 10
524 539 10
524 540 10
524 542 10
524 543 10
525 488 10
525 491 10
525 492 10
525 511 10
525 513 10
525 516 10
525 517 10
525 518 10
525 519 10
525 523 10
525 524 10
525 526 10
525 527 10
525 528 10
525 529 10
525 532 10
525 535 10
525 539 10
525 541 10
525 543 10
525 545 10
525 546 10
525 548 10
525 559 10
525 560 10
526 490 10
526 494 10
526 504 10
526 505 10
526 512 10
526 516 10
526 517 10
526 520 10
526 521 10
526 523 10
526 524 10
526 527 10
526 528 10
526 529 10
526 536 10
526 540 10
526 541 10
526 547 10
526 548 10
526 549 10
526 556 10
527 487 10
527 489 10
527 491 10
527 493 10
527 504 10
527 505 10
527 512 10
527 514 10
527 519 10
527 520 10
527 521 10
527 522 10
527 524 10
527 527 10
527 531 10
527 533 10
527 541 10
527 542 10
527 543 10
527 550 10
527 556 10
527 558 10
528 489 10
528 491 10
528 492 10
528 501 10
528 508 10
528 512 10
528 514 10
528 517 10
528 520 10
528 521 10
528 522 10
528 524 10
528 525 10
528 530 10
528 533 10
528 534 10
528 551 10
528 555 10
528 558 10
529 487 10
529 504 10
529 505 10
529 514 10
529 517 10
529 519 10
529 520 10
529 521 10
529 523 10
529 525 10
529 526 10
529 527 10
529 528 10
529 541 10
529 555 10
529 557 10
530 503 10
530 504 10
530 514 10
530 516 10
530 517 10
530 519 10
530 522 10
530 523 10
530 524 10
530 525 10
530 530 10
530 531 10
530 532 10
530 533 10
530 549 10
530 551 10
531 494 10
531 501 10
531 506 10
531 514 10
531 517 10
531 518 10
531 519 10
531 521 10
531 523 10
531 524 10
531 525 10
531 527 10
531 528 10
531 529 10
531 530 10
531 531 10
531 559 10
532 499 10
532 501 10
532 503 10
532 508 10
532 511 10
532 517 10
532 519 10
532 522 10
532 523 10
532 524 10
532 527 10
532 528 10
532 531 10
532 533 10
532 554 10
533 496 10
533 502 10
533 504 10
533 506 10
533 509 10
533 512 10
533 513 10
533 514 10
533 515 10
533 516 10
533 518 10
533 521 10
533 524 10
533 527 10
533 528 10
533 530 10
533 537 10
533 547 10
534 498 10
534 499 10
534 500 10
534 502 10
534 504 10
534 506 10
534 514 10
534 518 10
534 522 10
534 524 10
534 525 10
534 526 10
534 528 10
534 529 10
534 531 10
534 533 10
534 547 10
534 557 10
535 519 10
535 521 10
535 522 10
535 530 10
535 531 10
535 538 10
535 557 10
536 498 10
536 503 10
536 505 10
536 514 10
536 521 10
536 522 10
536 525 10
536 533 10
536 534 10
537 510 10
537 512 10
538 505 10
538 509 10
538 511 10
538 536 10
539 514 10
539 534 10
539 536 10
539 538 10
540 505 10
540 520 10
541 521 10
541 539 10
542 494 10
542 507 10
542 509 10
542 511 10
542 520 10
543 525 10
543 539 10
543 541 10
544 494 10
544 496 10
544 510 10
544 519 10
545 498 10
546 495 10
546 496 10
546 497 10
546 536 10
547 498 10
547 500 10
548 493 10
548 495 10
548 496 10
548 497 10
548 505 10
548 507 10
549 495 10
549 506 10
549 507 10
550 492 10
550 494 10
550 495 10
550 497 10
550 503 10
550 504 10
551 497 10
551 500 10
551 502 10
552 493 10
552 495 10
552 497 10
552 511 10
553 492 10
553 495 10
553 497 10
553 499 10
553 506 10
553 508 10
554 491 10
554 504 10
554 506 10
