1024
444 524 10
445 520 10
445 521 10
445 523 10
445 524 10
445 525 10
445 529 10
446 519 10
446 521 10
446 523 10
447 519 10
447 525 10
447 529 10
448 521 10
448 522 10
448 527 10
448 528 10
448 535 10
449 522 10
449 524 10
449 527 10
449 533 10
449 535 10
450 520 10
450 521 10
450 522 10
450 523 10
450 530 10
450 533 10
451 518 10
451 520 10
451 522 10
451 523 10
451 524 10
451 530 10
451 533 10
451 535 10
452 521 10
452 522 10
452 523 10
452 528 10
453 519 10
453 520 10
453 521 10
453 524 10
453 525 10
453 526 10
453 528 10
453 533 10
453 535 10
454 521 10
454 522 10
454 524 10
454 531 10
455 521 10
455 525 10
455 526 10
455 527 10
455 528 10
455 529 10
455 530 10
455 531 10
455 533 10
456 522 10
456 526 10
456 527 10
457 529 10
458 516 10
458 529 10
459 527 10
459 528 10
461 499 10
461 502 10
461 503 10
462 502 10
463 515 10
463 517 10
464 516 10
464 519 10
464 545 10
465 496 10
465 506 10
465 514 10
465 516 10
465 518 10
465 523 10
465 541 10
465 542 10
465 547 10
466 483 10
466 494 10
466 496 10
466 498 10
466 515 10
466 521 10
466 539 10
467 484 10
467 486 10
467 494 10
467 506 10
467 513 10
467 516 10
467 523 10
467 530 10
467 541 10
467 543 10
467 552 10
468 483 10
468 488 10
468 494 10
468 495 10
468 497 10
468 503 10
468 517 10
468 519 10
468 526 10
468 528 10
468 529 10
468 531 10
468 536 10
469 485 10
469 487 10
469 488 10
469 489 10
469 497 10
469 507 10
469 509 10
469 518 10
469 519 10
469 525 10
469 530 10
470 482 10
470 485 10
470 492 10
470 497 10
470 503 10
470 505 10
470 506 10
470 508 10
470 509 10
470 515 10
470 521 10
470 526 10
470 527 10
470 531 10
470 532 10
470 533 10
470 534 10
470 535 10
470 538 10
470 539 10
470 544 10
471 475 10
471 487 10
471 490 10
471 492 10
471 493 10
471 497 10
471 498 10
471 500 10
471 504 10
471 506 10
471 507 10
471 508 10
471 510 10
471 522 10
471 523 10
471 524 10
471 528 10
471 529 10
471 530 10
471 531 10
471 532 10
471 533 10
471 534 10
471 536 10
471 537 10
471 539 10
472 484 10
472 487 10
472 490 10
472 495 10
472 496 10
472 506 10
472 508 10
472 512 10
472 513 10
472 526 10
472 527 10
472 529 10
472 531 10
472 532 10
472 533 10
472 534 10
472 535 10
472 538 10
472 544 10
473 481 10
473 491 10
473 494 10
473 503 10
473 506 10
473 511 10
473 513 10
473 517 10
473 528 10
473 530 10
473 531 10
473 532 10
473 533 10
473 534 10
473 535 10
473 536 10
473 537 10
473 539 10
474 475 10
474 481 10
474 483 10
474 523 10
474 526 10
474 528 10
474 529 10
474 530 10
474 531 10
474 532 10
474 533 10
474 534 10
474 535 10
474 536 10
474 537 10
474 539 10
475 471 10
475 474 10
475 479 10
475 484 10
475 497 10
475 499 10
475 504 10
475 517 10
475 524 10
475 529 10
475 530 10
475 531 10
475 532 10
475 533 10
475 534 10
475 539 10
475 551 10
475 555 10
476 459 10
476 479 10
476 493 10
476 498 10
476 499 10
476 501 10
476 502 10
476 519 10
476 525 10
476 530 10
476 532 10
476 533 10
476 534 10
476 535 10
476 537 10
476 538 10
476 551 10
476 553 10
477 459 10
477 475 10
477 477 10
477 479 10
477 487 10
477 491 10
477 499 10
477 501 10
477 503 10
477 508 10
477 516 10
477 517 10
477 525 10
477 528 10
477 529 10
477 530 10
477 532 10
477 534 10
477 551 10
477 553 10
477 557 10
478 460 10
478 470 10
478 474 10
478 478 10
478 479 10
478 484 10
478 485 10
478 490 10
478 491 10
478 494 10
478 495 10
478 496 10
478 498 10
478 500 10
478 501 10
478 504 10
478 507 10
478 516 10
478 520 10
478 522 10
478 523 10
478 532 10
478 534 10
478 536 10
478 555 10
478 556 10
479 458 10
479 462 10
479 463 10
479 472 10
479 473 10
479 478 10
479 484 10
479 487 10
479 488 10
479 490 10
479 492 10
479 498 10
479 499 10
479 500 10
479 502 10
479 503 10
479 505 10
479 507 10
479 511 10
479 518 10
479 519 10
479 523 10
479 526 10
479 527 10
479 533 10
480 461 10
480 471 10
480 478 10
480 489 10
480 491 10
480 496 10
480 497 10
480 501 10
480 502 10
480 509 10
480 517 10
480 519 10
480 521 10
480 522 10
480 527 10
480 529 10
480 531 10
480 534 10
480 535 10
480 554 10
481 462 10
481 463 10
481 475 10
481 476 10
481 483 10
481 485 10
481 486 10
481 488 10
481 492 10
481 493 10
481 498 10
481 499 10
481 502 10
481 508 10
481 518 10
481 519 10
481 520 10
481 521 10
481 524 10
481 531 10
481 533 10
481 543 10
481 544 10
481 551 10
481 560 10
482 457 10
482 458 10
482 462 10
482 476 10
482 478 10
482 483 10
482 487 10
482 488 10
482 494 10
482 495 10
482 497 10
482 500 10
482 504 10
482 508 10
482 510 10
482 512 10
482 513 10
482 518 10
482 521 10
482 529 10
482 532 10
482 534 10
482 535 10
482 536 10
482 550 10
483 456 10
483 458 10
483 460 10
483 461 10
483 462 10
483 464 10
483 466 10
483 471 10
483 474 10
483 478 10
483 482 10
483 486 10
483 487 10
483 491 10
483 493 10
483 495 10
483 496 10
483 497 10
483 498 10
483 509 10
483 518 10
483 519 10
483 523 10
483 527 10
483 531 10
483 532 10
483 534 10
483 535 10
483 536 10
483 538 10
483 540 10
483 546 10
483 558 10
483 560 10
484 456 10
484 459 10
484 460 10
484 462 10
484 487 10
484 495 10
484 498 10
484 503 10
484 508 10
484 509 10
484 510 10
484 512 10
484 513 10
484 514 10
484 516 10
484 519 10
484 520 10
484 521 10
484 527 10
484 529 10
484 530 10
484 532 10
484 534 10
484 535 10
484 536 10
484 540 10
484 542 10
484 543 10
484 546 10
484 548 10
484 550 10
484 552 10
484 554 10
485 458 10
485 467 10
485 474 10
485 476 10
485 477 10
485 478 10
485 480 10
485 481 10
485 485 10
485 486 10
485 495 10
485 497 10
485 499 10
485 501 10
485 502 10
485 506 10
485 512 10
485 513 10
485 514 10
485 515 10
485 521 10
485 523 10
485 524 10
485 525 10
485 526 10
485 527 10
485 533 10
485 534 10
485 541 10
485 544 10
485 545 10
485 546 10
485 548 10
485 550 10
485 552 10
485 553 10
485 561 10
486 466 10
486 474 10
486 477 10
486 479 10
486 480 10
486 487 10
486 492 10
486 494 10
486 495 10
486 496 10
486 499 10
486 509 10
486 513 10
486 514 10
486 519 10
486 523 10
486 525 10
486 526 10
486 527 10
486 529 10
486 535 10
486 540 10
486 541 10
486 543 10
486 544 10
486 548 10
486 560 10
486 561 10
486 563 10
487 474 10
487 477 10
487 480 10
487 483 10
487 485 10
487 487 10
487 488 10
487 498 10
487 510 10
487 511 10
487 512 10
487 513 10
487 514 10
487 515 10
487 524 10
487 525 10
487 526 10
487 528 10
487 543 10
487 550 10
487 551 10
487 564 10
488 457 10
488 468 10
488 469 10
488 472 10
488 474 10
488 475 10
488 477 10
488 478 10
488 479 10
488 480 10
488 481 10
488 483 10
488 485 10
488 487 10
488 488 10
488 490 10
488 491 10
488 493 10
488 494 10
488 512 10
488 513 10
488 514 10
488 522 10
488 523 10
488 524 10
488 526 10
488 527 10
488 528 10
488 533 10
488 535 10
488 545 10
488 549 10
488 552 10
488 564 10
489 465 10
489 466 10
489 467 10
489 470 10
489 472 10
489 476 10
489 477 10
489 478 10
489 479 10
489 481 10
489 482 10
489 484 10
489 485 10
489 486 10
489 487 10
489 488 10
489 489 10
489 493 10
489 494 10
489 495 10
489 496 10
489 500 10
489 507 10
489 511 10
489 512 10
489 514 10
489 515 10
489 518 10
489 520 10
489 525 10
489 526 10
489 527 10
489 532 10
489 533 10
489 534 10
489 536 10
489 544 10
489 546 10
489 549 10
489 564 10
490 465 10
490 472 10
490 473 10
490 474 10
490 477 10
490 478 10
490 479 10
490 480 10
490 483 10
490 484 10
490 485 10
490 487 10
490 488 10
490 490 10
490 492 10
490 495 10
490 496 10
490 505 10
490 511 10
490 518 10
490 520 10
490 524 10
490 539 10
490 543 10
490 544 10
490 545 10
490 549 10
490 562 10
491 474 10
491 475 10
491 477 10
491 478 10
491 480 10
491 481 10
491 483 10
491 488 10
491 489 10
491 495 10
491 500 10
491 501 10
491 511 10
491 512 10
491 513 10
491 514 10
491 518 10
491 520 10
491 521 10
491 526 10
491 540 10
491 544 10
491 552 10
491 560 10
491 562 10
491 564 10
492 468 10
492 469 10
492 474 10
492 478 10
492 486 10
492 487 10
492 488 10
492 498 10
492 499 10
492 504 10
492 506 10
492 508 10
492 511 10
492 517 10
492 519 10
492 520 10
492 536 10
492 538 10
492 540 10
492 546 10
492 547 10
492 560 10
492 562 10
492 565 10
493 468 10
493 472 10
493 494 10
493 495 10
493 498 10
493 499 10
493 506 10
493 508 10
493 514 10
493 517 10
493 519 10
493 524 10
493 528 10
493 529 10
493 530 10
493 544 10
493 547 10
493 558 10
493 560 10
493 563 10
493 564 10
493 565 10
494 475 10
494 477 10
494 478 10
494 480 10
494 487 10
494 490 10
494 494 10
494 495 10
494 496 10
494 497 10
494 498 10
494 499 10
494 500 10
494 501 10
494 508 10
494 512 10
494 514 10
494 518 10
494 520 10
494 521 10
494 522 10
494 525 10
494 529 10
494 538 10
494 539 10
494 540 10
494 542 10
494 545 10
494 548 10
494 560 10
495 477 10
495 482 10
495 484 10
495 485 10
495 488 10
495 495 10
495 498 10
495 501 10
495 503 10
495 504 10
495 505 10
495 506 10
495 508 10
495 510 10
495 512 10
495 518 10
495 520 10
495 522 10
495 523 10
495 524 10
495 526 10
495 529 10
495 532 10
495 542 10
495 544 10
495 547 10
495 562 10
496 470 10
496 476 10
496 483 10
496 485 10
496 486 10
496 494 10
496 496 10
496 498 10
496 500 10
496 502 10
496 510 10
496 513 10
496 516 10
496 517 10
496 518 10
496 522 10
496 527 10
496 529 10
496 531 10
496 532 10
496 538 10
496 539 10
496 540 10
496 565 10
497 469 10
497 475 10
497 480 10
497 481 10
497 482 10
497 483 10
497 484 10
497 485 10
497 487 10
497 489 10
497 498 10
497 501 10
497 507 10
497 508 10
497 513 10
497 514 10
497 516 10
497 518 10
497 520 10
497 521 10
497 524 10
497 526 10
497 529 10
497 532 10
497 534 10
497 537 10
497 541 10
497 542 10
497 547 10
498 481 10
498 487 10
498 488 10
498 492 10
498 496 10
498 498 10
498 501 10
498 507 10
498 511 10
498 512 10
498 513 10
498 515 10
498 517 10
498 520 10
498 521 10
498 522 10
498 524 10
498 526 10
498 527 10
498 528 10
498 533 10
498 534 10
498 535 10
498 538 10
498 542 10
499 477 10
499 480 10
499 481 10
499 483 10
499 486 10
499 490 10
499 496 10
499 497 10
499 506 10
499 514 10
499 515 10
499 517 10
499 523 10
499 524 10
499 526 10
499 527 10
499 528 10
499 530 10
499 533 10
499 534 10
499 536 10
499 540 10
499 542 10
499 544 10
500 470 10
500 488 10
500 493 10
500 499 10
500 500 10
500 512 10
500 513 10
500 514 10
500 516 10
500 518 10
500 519 10
500 520 10
500 521 10
500 522 10
500 524 10
500 525 10
500 526 10
500 530 10
500 531 10
500 532 10
500 533 10
500 534 10
500 535 10
500 544 10
501 470 10
501 480 10
501 482 10
501 484 10
501 485 10
501 493 10
501 496 10
501 499 10
501 500 10
501 503 10
501 513 10
501 515 10
501 516 10
501 521 10
501 522 10
501 524 10
501 525 10
501 526 10
501 527 10
501 528 10
501 529 10
501 530 10
501 531 10
501 532 10
501 534 10
501 536 10
501 538 10
501 540 10
501 541 10
501 546 10
501 548 10
502 470 10
502 471 10
502 486 10
502 495 10
502 497 10
502 507 10
502 512 10
502 514 10
502 516 10
502 517 10
502 518 10
502 519 10
502 520 10
502 521 10
502 524 10
502 525 10
502 526 10
502 527 10
502 528 10
502 529 10
502 531 10
502 532 10
502 534 10
502 536 10
502 537 10
502 538 10
502 541 10
502 544 10
503 470 10
503 471 10
503 472 10
503 494 10
503 496 10
503 515 10
503 516 10
503 517 10
503 519 10
503 520 10
503 521 10
503 522 10
503 523 10
503 524 10
503 525 10
503 526 10
503 527 10
503 529 10
503 530 10
503 531 10
503 533 10
503 536 10
503 537 10
503 538 10
503 542 10
504 470 10
504 471 10
504 484 10
504 492 10
504 498 10
504 509 10
504 512 10
504 516 10
504 517 10
504 518 10
504 520 10
504 521 10
504 522 10
504 524 10
504 525 10
504 529 10
504 530 10
504 532 10
504 535 10
504 536 10
504 537 10
505 484 10
505 490 10
505 492 10
505 497 10
505 500 10
505 501 10
505 502 10
505 506 10
505 508 10
505 514 10
505 515 10
505 516 10
505 517 10
505 518 10
505 521 10
505 522 10
505 523 10
505 524 10
505 525 10
505 527 10
505 529 10
505 530 10
505 532 10
505 533 10
505 534 10
505 538 10
505 542 10
506 469 10
506 479 10
506 482 10
506 483 10
506 485 10
506 490 10
506 492 10
506 493 10
506 497 10
506 498 10
506 506 10
506 509 10
506 512 10
506 514 10
506 515 10
506 516 10
506 518 10
506 522 10
506 523 10
506 524 10
506 525 10
506 526 10
506 527 10
506 528 10
506 530 10
506 531 10
506 533 10
506 534 10
506 536 10
506 537 10
506 538 10
506 543 10
506 547 10
507 470 10
507 474 10
507 484 10
507 489 10
507 493 10
507 508 10
507 515 10
507 517 10
507 520 10
507 521 10
507 522 10
507 523 10
507 524 10
507 525 10
507 526 10
507 527 10
507 528 10
507 529 10
507 530 10
507 531 10
507 532 10
507 533 10
507 535 10
507 536 10
507 537 10
507 539 10
507 540 10
507 542 10
507 546 10
508 470 10
508 479 10
508 480 10
508 482 10
508 502 10
508 506 10
508 507 10
508 510 10
508 511 10
508 514 10
508 516 10
508 517 10
508 518 10
508 519 10
508 520 10
508 522 10
508 523 10
508 524 10
508 525 10
508 526 10
508 527 10
508 528 10
508 529 10
508 531 10
508 532 10
508 533 10
508 534 10
508 535 10
508 536 10
508 539 10
508 542 10
509 469 10
509 471 10
509 475 10
509 478 10
509 481 10
509 485 10
509 486 10
509 487 10
509 488 10
509 500 10
509 502 10
509 507 10
509 509 10
509 510 10
509 512 10
509 515 10
509 517 10
509 520 10
509 521 10
509 522 10
509 523 10
509 524 10
509 525 10
509 526 10
509 527 10
509 528 10
509 529 10
509 530 10
509 531 10
509 533 10
509 536 10
509 537 10
509 539 10
509 542 10
509 564 10
510 470 10
510 485 10
510 489 10
510 491 10
510 505 10
510 506 10
510 508 10
510 511 10
510 512 10
510 514 10
510 515 10
510 517 10
510 518 10
510 519 10
510 520 10
510 522 10
510 524 10
510 525 10
510 526 10
510 527 10
510 528 10
510 529 10
510 532 10
510 534 10
510 535 10
510 536 10
510 537 10
510 538 10
510 540 10
510 563 10
511 480 10
511 487 10
511 490 10
511 501 10
511 504 10
511 508 10
511 510 10
511 515 10
511 517 10
511 519 10
511 522 10
511 523 10
511 524 10
511 525 10
511 528 10
511 529 10
511 531 10
511 532 10
511 535 10
511 536 10
511 541 10
511 548 10
511 562 10
512 479 10
512 481 10
512 487 10
512 488 10
512 490 10
512 507 10
512 513 10
512 517 10
512 518 10
512 519 10
512 521 10
512 522 10
512 525 10
512 526 10
512 529 10
512 533 10
512 539 10
512 541 10
512 547 10
512 548 10
512 563 10
513 481 10
513 487 10
513 502 10
513 506 10
513 508 10
513 516 10
513 517 10
513 518 10
513 520 10
513 523 10
513 525 10
513 526 10
513 527 10
513 528 10
513 529 10
513 530 10
513 550 10
513 561 10
513 566 10
514 482 10
514 485 10
514 501 10
514 503 10
514 504 10
514 506 10
514 507 10
514 509 10
514 513 10
514 514 10
514 515 10
514 516 10
514 517 10
514 520 10
514 521 10
514 522 10
514 523 10
514 524 10
514 525 10
514 526 10
514 527 10
514 528 10
514 531 10
514 558 10
514 560 10
514 561 10
514 565 10
515 487 10
515 491 10
515 506 10
515 507 10
515 511 10
515 512 10
515 515 10
515 516 10
515 517 10
515 518 10
515 519 10
515 520 10
515 523 10
515 527 10
515 529 10
515 531 10
515 541 10
515 558 10
515 561 10
515 563 10
516 479 10
516 482 10
516 483 10
516 490 10
516 501 10
516 502 10
516 503 10
516 504 10
516 505 10
516 510 10
516 511 10
516 512 10
516 514 10
516 515 10
516 518 10
516 519 10
516 522 10
516 523 10
516 524 10
516 525 10
516 526 10
516 527 10
516 528 10
516 529 10
516 536 10
517 475 10
517 476 10
517 488 10
517 489 10
517 496 10
517 500 10
517 503 10
517 505 10
517 506 10
517 507 10
517 508 10
517 511 10
517 513 10
517 514 10
517 516 10
517 517 10
517 520 10
517 521 10
517 522 10
517 538 10
517 539 10
517 558 10
517 563 10
518 482 10
518 486 10
518 488 10
518 503 10
518 504 10
518 506 10
518 509 10
518 510 10
518 514 10
518 516 10
518 517 10
518 518 10
518 523 10
518 524 10
518 525 10
518 526 10
518 528 10
518 529 10
518 531 10
518 535 10
518 537 10
518 538 10
518 563 10
518 564 10
518 565 10
519 475 10
519 478 10
519 480 10
519 483 10
519 484 10
519 487 10
519 488 10
519 501 10
519 502 10
519 503 10
519 504 100000
519 507 10
519 509 10
519 512 10
519 517 10
519 518 10
519 519 10
519 521 10
519 522 10
519 524 10
519 526 10
519 528 10
519 529 10
519 530 10
519 532 10
519 534 10
519 535 10
519 537 10
519 539 10
519 561 10
520 476 10
520 477 10
520 484 10
520 488 10
520 498 10
520 500 10
520 504 10
520 505 10
520 509 10
520 513 10
520 515 10
520 516 10
520 518 10
520 519 10
520 523 10
520 525 10
520 526 10
520 527 10
520 528 10
520 529 10
520 531 10
520 532 10
520 535 10
520 536 10
520 537 10
520 539 10
520 566 10
521 479 10
521 485 10
521 486 10
521 497 10
521 503 10
521 504 10
521 506 10
521 508 10
521 514 10
521 517 10
521 520 10
521 526 10
521 527 10
521 528 10
521 529 10
521 530 10
521 531 10
521 532 10
521 533 10
521 537 10
521 539 10
521 541 10
521 542 10
521 543 10
521 557 10
522 477 10
522 478 10
522 487 10
522 490 10
522 495 10
522 496 10
522 498 10
522 504 10
522 513 10
522 516 10
522 518 10
522 519 10
522 521 10
522 524 10
522 525 10
522 526 10
522 527 10
522 528 10
522 530 10
522 531 10
522 532 10
522 533 10
522 534 10
522 535 10
522 536 10
522 539 10
522 540 10
522 542 10
522 551 10
522 558 10
523 476 10
523 478 10
523 485 10
523 494 10
523 495 10
523 496 10
523 497 10
523 499 10
523 500 10
523 502 10
523 505 10
523 506 10
523 511 10
523 512 10
523 516 10
523 519 10
523 521 10
523 534 10
523 537 10
523 538 10
523 542 10
523 544 10
523 547 10
523 554 10
523 555 10
523 559 10
524 476 10
524 479 10
524 494 10
524 495 10
524 496 10
524 498 10
524 500 10
524 508 10
524 517 10
524 518 10
524 519 10
524 522 10
524 523 10
524 524 10
524 527 10
524 529 10
524 530 10
524 531 10
524 533 10
524 534 10
524 535 10
524 538 10
524 541 10
524 543 10
524 545 10
524 546 10
524 547 10
524 550 10
524 555 10
524 557 10
524 559 10
524 560 10
524 561 10
525 479 10
525 497 10
525 500 10
525 503 10
525 504 10
525 515 10
525 519 10
525 523 10
525 524 10
525 527 10
525 530 10
525 533 10
525 539 10
525 541 10
525 542 10
525 543 10
525 546 10
525 548 10
525 555 10
525 557 10
525 559 10
525 560 10
526 477 10
526 490 10
526 496 10
526 504 10
526 507 10
526 518 10
526 521 10
526 523 10
526 524 10
526 525 10
526 526 10
526 527 10
526 528 10
526 530 10
526 531 10
526 534 10
526 537 10
526 545 10
526 546 10
526 548 10
527 474 10
527 476 10
527 477 10
527 478 10
527 498 10
527 520 10
527 522 10
527 523 10
527 525 10
527 526 10
527 528 10
527 531 10
527 534 10
527 535 10
527 542 10
527 544 10
527 545 10
527 546 10
527 552 10
527 554 10
527 556 10
527 557 10
527 559 10
528 490 10
528 491 10
528 498 10
528 508 10
528 521 10
528 529 10
528 530 10
528 532 10
528 533 10
528 536 10
528 537 10
528 542 10
528 543 10
528 544 10
528 546 10
528 551 10
528 556 10
529 478 10
529 497 10
529 505 10
529 508 10
529 513 10
529 519 10
529 522 10
529 523 10
529 524 10
529 525 10
529 528 10
529 530 10
529 531 10
529 533 10
529 538 10
529 545 10
529 559 10
530 478 10
530 515 10
530 519 10
530 520 10
530 521 10
530 523 10
530 525 10
530 527 10
530 528 10
530 529 10
530 531 10
530 533 10
530 535 10
530 536 10
530 537 10
530 542 10
530 544 10
530 547 10
531 477 10
531 479 10
531 511 10
531 513 10
531 516 10
531 517 10
531 521 10
531 522 10
531 523 10
531 526 10
531 528 10
531 530 10
531 531 10
531 532 10
531 533 10
531 536 10
531 540 10
531 560 10
532 476 10
532 477 10
532 508 10
532 509 10
532 511 10
532 513 10
532 518 10
532 519 10
532 524 10
532 526 10
532 528 10
532 530 10
532 531 10
532 532 10
532 533 10
532 534 10
532 535 10
532 537 10
532 540 10
532 545 10
532 547 10
532 548 10
532 567 10
533 474 10
533 475 10
533 507 10
533 512 10
533 513 10
533 516 10
533 517 10
533 521 10
533 522 10
533 524 10
533 529 10
533 534 10
533 535 10
533 536 10
533 537 10
533 539 10
533 542 10
533 544 10
533 546 10
534 475 10
534 479 10
534 515 10
534 516 10
534 518 10
534 520 10
534 522 10
534 532 10
534 533 10
534 534 10
534 535 10
534 536 10
534 538 10
534 539 10
534 540 10
534 542 10
534 549 10
535 476 10
535 478 10
535 481 10
535 495 10
535 496 10
535 503 10
535 506 10
535 513 10
535 514 10
535 519 10
535 520 10
535 521 10
535 523 10
535 525 10
535 530 10
535 531 10
535 532 10
535 534 10
535 535 10
535 536 10
535 538 10
535 539 10
535 540 10
535 545 10
535 547 10
535 549 10
536 488 10
536 489 10
536 490 10
536 496 10
536 505 10
536 508 10
536 512 10
536 519 10
536 520 10
536 521 10
536 532 10
536 535 10
536 536 10
536 537 10
536 540 10
536 541 10
536 546 10
536 549 10
537 495 10
537 496 10
537 519 10
537 525 10
537 528 10
537 530 10
537 531 10
537 533 10
537 534 10
537 535 10
537 538 10
537 539 10
537 544 10
537 546 10
537 549 10
537 562 10
537 563 10
538 490 10
538 495 10
538 496 10
538 500 10
538 501 10
538 503 10
538 505 10
538 506 10
538 507 10
538 508 10
538 515 10
538 516 10
538 521 10
538 523 10
538 525 10
538 526 10
538 528 10
538 529 10
538 531 10
538 535 10
538 536 10
538 537 10
538 539 10
538 540 10
538 542 10
538 543 10
538 544 10
538 545 10
538 546 10
539 494 10
539 497 10
539 500 10
539 506 10
539 519 10
539 520 10
539 522 10
539 525 10
539 526 10
539 530 10
539 532 10
539 533 10
539 534 10
539 537 10
539 539 10
540 490 10
540 492 10
540 495 10
540 496 10
540 497 10
540 501 10
540 502 10
540 504 10
540 507 10
540 513 10
540 514 10
540 518 10
540 520 10
540 528 10
540 530 10
540 531 10
540 536 10
540 537 10
540 540 10
540 541 10
541 491 10
541 492 10
541 495 10
541 496 10
541 497 10
541 503 10
541 507 10
541 508 10
541 511 10
541 512 10
541 520 10
541 521 10
541 522 10
541 529 10
541 537 10
541 538 10
541 543 10
542 490 10
542 492 10
542 493 10
542 496 10
542 502 10
542 504 10
542 508 10
542 511 10
542 519 10
542 520 10
542 521 10
542 522 10
542 523 10
542 524 10
542 527 10
542 531 10
542 543 10
543 493 10
543 495 10
543 498 10
543 502 10
543 505 10
543 506 10
543 507 10
543 514 10
543 521 10
543 523 10
543 527 10
543 533 10
544 480 10
544 481 10
544 491 10
544 493 10
544 496 10
544 498 10
544 499 10
544 503 10
544 504 10
544 507 10
544 512 10
544 515 10
544 518 10
544 520 10
544 522 10
544 523 10
544 525 10
544 528 10
545 482 10
545 494 10
545 495 10
545 496 10
545 502 10
545 505 10
545 507 10
545 508 10
545 515 10
545 521 10
545 522 10
545 524 10
545 525 10
545 528 10
545 539 10
546 483 10
546 486 10
546 489 10
546 493 10
546 500 10
546 502 10
546 503 10
546 505 10
546 506 10
546 508 10
546 509 10
546 510 10
546 511 10
546 517 10
546 518 10
546 519 10
546 524 10
546 526 10
546 527 10
547 491 10
547 496 10
547 517 10
547 518 10
547 521 10
547 523 10
547 524 10
547 525 10
547 526 10
547 537 10
548 490 10
548 492 10
548 493 10
548 497 10
548 498 10
548 499 10
548 500 10
548 503 10
548 504 10
548 506 10
548 507 10
548 509 10
548 519 10
548 521 10
548 523 10
548 525 10
548 526 10
548 527 10
548 537 10
549 494 10
549 495 10
549 497 10
549 498 10
549 500 10
549 513 10
549 518 10
549 519 10
549 521 10
549 523 10
549 524 10
549 526 10
550 491 10
550 493 10
550 494 10
550 498 10
550 501 10
550 515 10
550 520 10
550 522 10
550 523 10
550 524 10
551 492 10
551 493 10
551 494 10
551 495 10
551 499 10
551 500 10
551 501 10
551 512 10
551 516 10
551 518 10
551 519 10
551 520 10
551 524 10
552 487 10
552 491 10
552 493 10
552 518 10
552 520 10
552 521 10
552 522 10
552 524 10
552 537 10
552 538 10
553 500 10
553 510 10
553 512 10
553 519 10
553 523 10
553 537 10
553 539 10
554 489 10
554 519 10
554 521 10
554 525 10
555 490 10
555 516 10
555 518 10
555 519 10
555 521 10
555 522 10
555 534 10
555 537 10
556 488 10
556 519 10
556 520 10
556 534 10
556 535 10
556 540 10
557 489 10
557 533 10
557 536 10
557 542 10
558 488 10
558 489 10
558 534 10
558 536 10
558 538 10
558 540 10
559 487 10
559 535 10
559 538 10
559 540 10
559 541 10
559 543 10
559 544 10
560 490 10
560 535 10
560 536 10
560 540 10
561 535 10
561 540 10
561 541 10
564 540 10
