1024
424 540 10
424 542 10
425 501 10
425 503 10
425 518 10
425 540 10
426 513 10
426 524 10
426 525 10
427 511 10
427 513 10
427 514 10
427 516 10
427 522 10
427 524 10
428 503 10
428 524 10
428 526 10
428 527 10
429 503 10
429 513 10
429 516 10
429 523 10
429 524 10
429 526 10
430 504 10
430 505 10
430 519 10
430 523 10
430 524 10
430 525 10
430 537 10
431 506 10
431 507 10
431 516 10
431 518 10
431 519 10
431 520 10
431 524 10
431 526 10
431 527 10
432 505 10
432 516 10
432 517 10
432 521 10
432 525 10
432 526 10
433 504 10
433 507 10
433 510 10
433 513 10
433 517 10
433 518 10
433 519 10
433 520 10
433 521 10
433 522 10
433 524 10
433 525 10
433 526 10
433 527 10
433 529 10
434 506 10
434 507 10
434 516 10
434 517 10
434 521 10
434 522 10
434 523 10
434 524 10
434 528 10
435 502 10
435 505 10
435 506 10
435 507 10
435 509 10
435 510 10
435 511 10
435 513 10
435 515 10
435 517 10
435 519 10
435 521 10
435 522 10
435 523 10
435 524 10
435 525 10
435 526 10
435 528 10
435 529 10
436 504 10
436 507 10
436 508 10
436 514 10
436 515 10
436 517 10
436 518 10
436 519 10
436 521 10
436 522 10
436 523 10
436 524 10
436 525 10
436 529 10
437 516 10
437 518 10
437 520 10
437 521 10
437 522 10
437 524 10
437 529 10
438 505 10
438 516 10
438 518 10
438 522 10
438 523 10
438 532 10
439 506 10
439 517 10
439 519 10
439 521 10
439 524 10
439 526 10
439 531 10
439 532 10
439 534 10
440 516 10
440 517 10
440 519 10
440 521 10
440 523 10
440 524 10
440 527 10
440 528 10
440 535 10
441 514 10
441 517 10
441 519 10
441 521 10
441 526 10
441 529 10
442 512 10
442 514 10
442 516 10
442 517 10
442 519 10
442 520 10
442 522 10
442 524 10
442 525 10
442 528 10
442 530 10
443 514 10
443 516 10
443 517 10
443 520 10
443 521 10
443 525 10
443 526 10
443 527 10
443 528 10
443 530 10
444 510 10
444 511 10
444 512 10
444 514 10
444 515 10
444 521 10
444 523 10
444 524 10
444 526 10
444 527 10
445 506 10
445 510 10
445 514 10
445 515 10
445 517 10
445 521 10
445 523 10
445 524 10
445 527 10
445 529 10
446 507 10
446 515 10
446 516 10
446 522 10
446 524 10
446 535 10
446 537 10
447 515 10
447 523 10
448 517 10
448 520 10
448 521 10
448 523 10
448 525 10
448 527 10
448 528 10
448 529 10
448 530 10
449 522 10
449 523 10
449 524 10
449 526 10
449 527 10
449 531 10
450 522 10
450 524 10
450 527 10
450 529 10
450 532 10
451 518 10
451 519 10
451 521 10
451 522 10
451 524 10
451 526 10
451 527 10
451 528 10
451 529 10
451 558 10
451 559 10
452 520 10
452 526 10
452 554 10
452 560 10
453 520 10
453 521 10
453 523 10
453 525 10
453 526 10
453 530 10
453 553 10
453 557 10
453 560 10
454 486 10
454 489 10
454 521 10
454 522 10
454 524 10
454 526 10
454 552 10
454 554 10
454 557 10
455 485 10
455 486 10
455 488 10
455 490 10
455 491 10
455 500 10
455 521 10
455 523 10
455 526 10
455 531 10
455 535 10
455 550 10
455 554 10
455 555 10
456 484 10
456 485 10
456 487 10
456 488 10
456 489 10
456 499 10
456 501 10
456 520 10
456 521 10
456 522 10
456 525 10
456 528 10
456 531 10
456 549 10
457 483 10
457 487 10
457 489 10
457 499 10
457 521 10
457 524 10
458 482 10
458 484 10
458 487 10
458 488 10
458 491 10
458 534 10
458 536 10
458 553 10
459 480 10
459 482 10
459 484 10
459 487 10
459 488 10
459 489 10
459 522 10
459 549 10
459 550 10
459 552 10
459 554 10
459 556 10
460 480 10
460 481 10
460 482 10
460 489 10
460 523 10
460 529 10
460 557 10
461 472 10
461 477 10
461 479 10
461 482 10
461 483 10
461 486 10
461 487 10
461 488 10
461 489 10
461 523 10
461 524 10
461 525 10
461 526 10
461 540 10
461 548 10
461 550 10
461 551 10
461 552 10
461 556 10
462 470 10
462 478 10
462 479 10
462 480 10
462 481 10
462 482 10
462 483 10
462 484 10
462 486 10
462 489 10
462 492 10
462 517 10
462 520 10
462 521 10
462 523 10
462 526 10
462 548 10
462 553 10
462 555 10
463 470 10
463 481 10
463 482 10
463 483 10
463 484 10
463 487 10
463 493 10
463 521 10
463 522 10
463 524 10
463 552 10
464 470 10
464 476 10
464 477 10
464 478 10
464 480 10
464 482 10
464 484 10
464 486 10
464 488 10
464 490 10
464 492 10
464 493 10
464 494 10
464 495 10
464 519 10
464 521 10
464 522 10
464 523 10
464 525 10
464 552 10
464 554 10
464 555 10
464 559 10
464 560 10
465 481 10
465 486 10
465 488 10
465 491 10
465 493 10
465 494 10
465 510 10
465 511 10
465 515 10
465 517 10
465 518 10
465 519 10
465 520 10
465 521 10
465 524 10
465 551 10
465 552 10
465 559 10
466 468 10
466 470 10
466 472 10
466 474 10
466 478 10
466 480 10
466 481 10
466 482 10
466 487 10
466 488 10
466 489 10
466 490 10
466 496 10
466 511 10
466 512 10
466 516 10
466 521 10
466 522 10
466 524 10
466 527 10
466 530 10
466 534 10
466 538 10
466 551 10
466 552 10
466 553 10
466 559 10
467 471 10
467 475 10
467 476 10
467 477 10
467 478 10
467 481 10
467 485 10
467 486 10
467 488 10
467 490 10
467 492 10
467 493 10
467 495 10
467 503 10
467 511 10
467 518 10
467 519 10
467 522 10
467 553 10
468 467 10
468 471 10
468 472 10
468 474 10
468 477 10
468 478 10
468 479 10
468 481 10
468 484 10
468 487 10
468 491 10
468 498 10
468 502 10
468 506 10
468 510 10
468 512 10
468 513 10
468 514 10
468 515 10
468 516 10
468 517 10
468 518 10
468 520 10
468 521 10
468 522 10
468 525 10
468 528 10
468 530 10
468 532 10
469 473 10
469 474 10
469 481 10
469 482 10
469 484 10
469 486 10
469 488 10
469 489 10
469 494 10
469 495 10
469 496 10
469 499 10
469 500 10
469 502 10
469 504 10
469 508 10
469 513 10
469 515 10
469 516 10
469 518 10
469 520 10
469 522 10
469 525 10
469 527 10
469 529 10
469 531 10
469 533 10
469 536 10
470 463 10
470 468 10
470 470 10
470 471 10
470 477 10
470 479 10
470 480 10
470 482 10
470 491 10
470 493 10
470 498 10
470 499 10
470 501 10
470 504 10
470 506 10
470 509 10
470 514 10
470 516 10
470 518 10
470 519 10
470 523 10
470 527 10
470 529 10
470 530 10
470 532 10
470 535 10
470 536 10
471 462 10
471 476 10
471 480 10
471 487 10
471 488 10
471 489 10
471 491 10
471 492 10
471 493 10
471 495 10
471 496 10
471 498 10
471 500 10
471 503 10
471 506 10
471 507 10
471 508 10
471 511 10
471 512 10
471 513 10
471 514 10
471 515 10
471 516 10
471 517 10
471 530 10
471 533 10
471 534 10
471 535 10
471 538 10
472 462 10
472 464 10
472 471 10
472 475 10
472 477 10
472 482 10
472 487 10
472 491 10
472 497 10
472 505 10
472 515 10
472 516 10
472 517 10
472 518 10
472 521 10
472 522 10
472 523 10
472 524 10
472 525 10
472 534 10
472 536 10
473 473 10
473 477 10
473 482 10
473 483 10
473 485 10
473 493 10
473 494 10
473 511 10
473 513 10
473 514 10
473 515 10
473 516 10
473 517 10
473 518 10
473 522 10
473 525 10
473 528 10
473 529 10
473 530 10
473 556 10
474 462 10
474 474 10
474 475 10
474 479 10
474 481 10
474 482 10
474 485 10
474 487 10
474 500 10
474 501 10
474 505 10
474 509 10
474 510 10
474 513 10
474 514 10
474 515 10
474 516 10
474 517 10
474 521 10
474 524 10
474 527 10
474 536 10
474 537 10
474 549 10
474 553 10
475 474 10
475 475 10
475 477 10
475 478 10
475 481 10
475 482 10
475 493 10
475 497 10
475 500 10
475 512 10
475 516 10
475 524 10
475 549 10
476 463 10
476 464 10
476 465 10
476 475 10
476 476 10
476 483 10
476 485 10
476 491 10
476 492 10
476 494 10
476 498 10
476 500 10
476 501 10
476 510 10
476 512 10
476 516 10
476 517 10
476 520 10
476 521 10
476 523 10
476 526 10
476 527 10
476 534 10
476 557 10
476 558 10
476 562 10
477 463 10
477 472 10
477 473 10
477 475 10
477 476 10
477 479 10
477 480 10
477 481 10
477 483 10
477 491 10
477 493 10
477 496 10
477 502 10
477 505 10
477 511 10
477 512 10
477 513 10
477 514 10
477 516 10
477 517 10
477 522 10
477 523 10
477 524 10
477 529 10
477 558 10
477 560 10
477 562 10
478 463 10
478 465 10
478 470 10
478 472 10
478 475 10
478 479 10
478 481 10
478 482 10
478 484 10
478 485 10
478 488 10
478 491 10
478 495 10
478 499 10
478 504 10
478 507 10
478 511 10
478 512 10
478 514 10
478 515 10
478 519 10
478 522 10
478 525 10
478 530 10
478 554 10
478 556 10
479 471 10
479 473 10
479 475 10
479 476 10
479 479 10
479 480 10
479 483 10
479 492 10
479 493 10
479 495 10
479 498 10
479 499 10
479 507 10
479 509 10
479 511 10
479 513 10
479 521 10
479 522 10
479 524 10
479 525 10
479 528 10
479 536 10
479 554 10
480 479 10
480 480 10
480 481 10
480 483 10
480 485 10
480 486 10
480 488 10
480 490 10
480 492 10
480 497 10
480 501 10
480 507 10
480 509 10
480 511 10
480 513 10
480 515 10
480 519 10
480 522 10
480 523 10
480 525 10
480 528 10
480 536 10
480 557 10
481 466 10
481 472 10
481 480 10
481 481 10
481 482 10
481 498 10
481 500 10
481 504 10
481 505 10
481 507 10
481 510 10
481 511 10
482 464 10
482 468 10
482 469 10
482 475 10
482 476 10
482 477 10
482 478 10
482 479 10
482 480 10
482 481 10
482 486 10
482 487 10
482 491 10
482 497 10
482 498 10
482 501 10
482 510 10
482 511 10
482 512 10
482 514 10
483 465 10
483 468 10
483 473 10
483 474 10
483 475 10
483 478 10
483 482 10
483 484 10
483 485 10
483 486 10
483 497 10
483 498 10
483 500 10
483 505 10
483 507 10
483 508 10
483 510 10
483 512 10
483 513 10
483 514 10
483 515 10
483 524 10
484 466 10
484 468 10
484 477 10
484 478 10
484 481 10
484 483 10
484 485 10
484 487 10
484 488 10
484 493 10
484 496 10
484 498 10
484 499 10
484 500 10
484 501 10
484 502 10
484 503 10
484 512 10
484 514 10
484 515 10
484 519 10
484 520 10
484 560 10
485 474 10
485 477 10
485 478 10
485 479 10
485 480 10
485 481 10
485 482 10
485 483 10
485 488 10
485 496 10
485 497 10
485 500 10
485 501 10
485 502 10
485 503 10
485 509 10
485 510 10
485 512 10
485 514 10
485 517 10
485 519 10
485 564 10
486 461 10
486 462 10
486 467 10
486 468 10
486 475 10
486 477 10
486 480 10
486 482 10
486 484 10
486 486 10
486 488 10
486 496 10
486 499 10
486 500 10
486 501 10
486 504 10
486 514 10
486 515 10
486 516 10
486 517 10
486 519 10
486 521 10
486 550 10
486 560 10
487 460 10
487 465 10
487 466 10
487 471 10
487 476 10
487 477 10
487 478 10
487 482 10
487 484 10
487 486 10
487 487 10
487 488 10
487 496 10
487 498 10
487 500 10
487 503 10
487 515 10
487 518 10
487 520 10
487 521 10
487 534 10
487 550 10
487 552 10
488 460 10
488 461 10
488 465 10
488 466 10
488 467 10
488 473 10
488 474 10
488 475 10
488 476 10
488 478 10
488 484 10
488 488 10
488 496 10
488 500 10
488 506 10
488 516 10
488 521 10
488 530 10
488 534 10
488 537 10
488 539 10
488 553 10
488 555 10
489 459 10
489 460 10
489 461 10
489 462 10
489 464 10
489 465 10
489 467 10
489 469 10
489 474 10
489 475 10
489 479 10
489 481 10
489 484 10
489 486 10
489 499 10
489 500 10
489 504 10
489 505 10
489 510 10
489 511 10
489 514 10
489 515 10
489 516 10
489 523 10
489 525 10
489 532 10
489 535 10
489 539 10
489 548 10
489 553 10
489 555 10
490 459 10
490 460 10
490 463 10
490 464 10
490 472 10
490 474 10
490 475 10
490 477 10
490 480 10
490 482 10
490 483 10
490 484 10
490 496 10
490 498 10
490 521 10
490 530 10
490 533 10
490 535 10
490 537 10
490 538 10
490 539 10
490 540 10
490 541 10
490 553 10
491 461 10
491 462 10
491 463 10
491 466 10
491 468 10
491 469 10
491 470 10
491 471 10
491 474 10
491 475 10
491 476 10
491 479 10
491 480 10
491 482 10
491 483 10
491 484 10
491 485 10
491 495 10
491 500 10
491 513 10
491 534 10
491 537 10
491 539 10
491 548 10
491 550 10
491 564 10
492 456 10
492 459 10
492 460 10
492 462 10
492 463 10
492 465 10
492 466 10
492 469 10
492 472 10
492 475 10
492 479 10
492 481 10
492 484 10
492 491 10
492 494 10
492 498 10
492 522 10
492 525 10
492 539 10
492 540 10
492 541 10
492 543 10
492 553 10
492 556 10
493 456 10
493 458 10
493 461 10
493 462 10
493 465 10
493 467 10
493 469 10
493 470 10
493 471 10
493 472 10
493 475 10
493 476 10
493 478 10
493 479 10
493 480 10
493 483 10
493 489 10
493 524 10
493 528 10
493 534 10
493 536 10
493 537 10
493 538 10
493 539 10
493 540 10
493 541 10
493 542 10
493 550 10
493 551 10
493 553 10
493 557 10
493 563 10
494 457 10
494 458 10
494 459 10
494 460 10
494 466 10
494 467 10
494 469 10
494 474 10
494 479 10
494 480 10
494 485 10
494 496 10
494 517 10
494 524 10
494 525 10
494 526 10
494 536 10
494 537 10
494 538 10
494 539 10
494 542 10
494 543 10
494 548 10
494 550 10
494 552 10
494 553 10
494 556 10
495 455 10
495 456 10
495 458 10
495 461 10
495 462 10
495 464 10
495 466 10
495 467 10
495 468 10
495 470 10
495 471 10
495 472 10
495 474 10
495 475 10
495 477 10
495 478 10
495 483 10
495 484 10
495 485 10
495 487 10
495 489 10
495 492 10
495 495 10
495 497 10
495 499 10
495 500 10
495 521 10
495 523 10
495 526 10
495 546 10
495 550 10
496 455 10
496 462 10
496 463 10
496 466 10
496 467 10
496 468 10
496 469 10
496 470 10
496 475 10
496 477 10
496 484 10
496 496 10
496 497 10
496 498 10
496 518 10
496 519 10
496 521 10
496 528 10
496 536 10
496 540 10
496 542 10
496 548 10
496 550 10
496 552 10
496 568 10
497 455 10
497 462 10
497 468 10
497 475 10
497 477 10
497 479 10
497 481 10
497 483 10
497 485 10
497 489 10
497 520 10
497 522 10
497 525 10
497 528 10
497 533 10
497 543 10
498 458 10
498 464 10
498 465 10
498 469 10
498 470 10
498 474 10
498 477 10
498 478 10
498 479 10
498 482 10
498 484 10
498 485 10
498 486 10
498 518 10
498 520 10
498 528 10
498 543 10
498 544 10
498 545 10
498 548 10
498 549 10
498 551 10
498 553 10
499 457 10
499 459 10
499 462 10
499 463 10
499 466 10
499 467 10
499 468 10
499 476 10
499 477 10
499 480 10
499 483 10
499 484 10
499 485 10
499 515 10
499 522 10
499 524 10
499 527 10
499 531 10
499 534 10
499 539 10
499 542 10
499 543 10
499 545 10
499 550 10
500 457 10
500 465 10
500 468 10
500 469 10
500 471 10
500 473 10
500 477 10
500 483 10
500 512 10
500 514 10
500 517 10
500 524 10
500 529 10
500 540 10
500 541 10
501 459 10
501 463 10
501 466 10
501 471 10
501 472 10
501 474 10
501 475 10
501 476 10
501 478 10
501 482 10
501 512 10
501 520 10
501 522 10
501 526 10
501 544 10
502 463 10
502 464 10
502 465 10
502 471 10
502 473 10
502 474 10
502 477 10
502 481 10
502 494 10
502 510 10
502 513 10
502 514 10
502 526 10
502 541 10
502 543 10
502 544 10
502 545 10
502 553 10
503 466 10
503 471 10
503 472 10
503 473 10
503 474 10
503 475 10
503 476 10
503 487 10
503 490 10
503 494 10
503 496 10
503 501 10
503 505 10
503 506 10
503 507 10
503 508 10
503 514 10
503 515 10
503 522 10
503 524 10
503 525 10
503 527 10
503 541 10
503 543 10
503 545 10
503 546 10
503 548 10
504 465 10
504 470 10
504 473 10
504 486 10
504 488 10
504 504 10
504 505 10
504 507 10
504 510 10
504 511 10
504 524 10
504 526 10
504 543 10
504 545 10
504 547 10
505 466 10
505 470 10
505 472 10
505 494 10
505 496 10
505 500 10
505 502 10
505 503 10
505 506 10
505 507 10
505 509 10
505 510 10
505 514 10
505 522 10
505 523 10
505 525 10
505 528 10
505 530 10
505 540 10
505 542 10
505 544 10
505 545 10
505 546 10
505 549 10
506 459 10
506 465 10
506 487 10
506 493 10
506 495 10
506 500 10
506 501 10
506 504 10
506 505 10
506 507 10
506 509 10
506 511 10
506 512 10
506 514 10
506 524 10
506 527 10
506 528 10
506 530 10
506 531 10
506 532 10
506 540 10
506 543 10
506 546 10
506 547 10
506 554 10
507 463 10
507 484 10
507 486 10
507 488 10
507 494 10
507 495 10
507 497 10
507 498 10
507 499 10
507 501 10
507 502 10
507 505 10
507 507 10
507 517 10
507 519 10
507 522 10
507 524 10
507 526 10
507 527 10
507 529 10
507 530 10
507 532 10
507 539 10
507 542 10
507 545 10
507 546 10
507 548 10
507 549 10
507 562 10
507 563 10
507 565 10
508 460 10
508 462 10
508 478 10
508 480 10
508 487 10
508 491 10
508 493 10
508 497 10
508 499 10
508 503 10
508 506 10
508 511 10
508 513 10
508 514 10
508 515 10
508 517 10
508 518 10
508 521 10
508 522 10
508 524 10
508 525 10
508 528 10
508 536 10
508 545 10
508 553 10
508 561 10
508 563 10
508 566 10
509 486 10
509 488 10
509 489 10
509 493 10
509 494 10
509 497 10
509 499 10
509 500 10
509 501 10
509 503 10
509 506 10
509 513 10
509 514 10
509 515 10
509 518 10
509 520 10
509 521 10
509 522 10
509 523 10
509 526 10
509 527 10
509 528 10
509 529 10
509 530 10
509 539 10
509 542 10
509 546 10
509 547 10
509 548 10
509 549 10
509 563 10
510 485 10
510 487 10
510 490 10
510 491 10
510 493 10
510 494 10
510 499 10
510 502 10
510 513 10
510 514 10
510 516 10
510 517 10
510 520 10
510 522 10
510 525 10
510 528 10
510 529 10
510 530 10
510 531 10
510 532 10
510 533 10
510 537 10
510 545 10
510 546 10
510 548 10
510 554 10
510 557 10
510 562 10
510 563 10
511 485 10
511 488 10
511 490 10
511 495 10
511 497 10
511 503 10
511 511 10
511 513 10
511 516 10
511 517 10
511 518 10
511 520 10
511 521 10
511 526 10
511 527 10
511 528 10
511 530 10
511 531 10
511 532 10
511 533 10
511 538 10
511 539 10
511 540 10
511 548 10
511 553 10
511 555 10
511 556 10
511 558 10
511 559 10
511 563 10
511 567 10
512 485 10
512 487 10
512 491 10
512 492 10
512 495 10
512 498 10
512 499 10
512 500 10
512 510 10
512 513 10
512 514 10
512 515 10
512 517 10
512 518 10
512 520 10
512 526 10
512 528 10
512 529 10
512 530 10
512 531 10
512 533 10
512 534 10
512 538 10
512 544 10
512 546 10
512 548 10
512 555 10
512 556 10
512 557 10
512 558 10
512 561 10
512 568 10
513 485 10
513 491 10
513 493 10
513 495 10
513 497 10
513 498 10
513 499 10
513 501 10
513 510 10
513 517 10
513 527 10
513 528 10
513 529 10
513 530 10
513 531 10
513 532 10
513 535 10
513 536 10
513 537 10
513 538 10
513 545 10
513 547 10
513 548 10
513 549 10
513 553 10
513 555 10
513 556 10
513 565 10
513 566 10
514 492 10
514 496 10
514 507 10
514 508 10
514 511 10
514 515 10
514 516 10
514 518 10
514 519 10
514 524 10
514 525 10
514 526 10
514 527 10
514 528 10
514 529 10
514 530 10
514 531 10
514 533 10
514 536 10
514 540 10
514 542 10
514 544 10
514 546 10
514 557 10
514 564 10
514 568 10
515 485 10
515 490 10
515 492 10
515 494 10
515 497 10
515 498 10
515 499 10
515 500 10
515 501 10
515 503 10
515 507 10
515 510 10
515 511 10
515 512 10
515 515 10
515 516 10
515 519 10
515 524 10
515 525 10
515 526 10
515 528 10
515 529 10
515 530 10
515 531 10
515 532 10
515 533 10
515 539 10
515 540 10
515 546 10
515 551 10
515 553 10
515 554 10
515 558 10
515 561 10
516 493 10
516 495 10
516 497 10
516 500 10
516 501 10
516 502 10
516 503 10
516 505 100000
516 513 10
516 515 10
516 524 10
516 525 10
516 527 10
516 528 10
516 529 10
516 530 10
516 534 10
516 535 10
516 536 10
516 537 10
516 540 10
516 542 10
516 544 10
516 549 10
516 553 10
516 558 10
516 562 10
516 564 10
517 482 10
517 484 10
517 493 10
517 496 10
517 498 10
517 502 10
517 503 10
517 504 10
517 509 10
517 512 10
517 513 10
517 515 10
517 528 10
517 531 10
517 532 10
517 535 10
517 536 10
517 538 10
517 539 10
517 541 10
517 547 10
517 548 10
517 557 10
517 559 10
517 565 10
518 484 10
518 489 10
518 490 10
518 491 10
518 492 10
518 493 10
518 495 10
518 498 10
518 499 10
518 501 10
518 503 10
518 504 10
518 506 10
518 509 10
518 511 10
518 519 10
518 528 10
518 529 10
518 532 10
518 539 10
518 540 10
518 541 10
518 543 10
518 544 10
518 546 10
518 548 10
518 555 10
519 481 10
519 482 10
519 491 10
519 493 10
519 494 10
519 501 10
519 502 10
519 508 10
519 510 10
519 511 10
519 516 10
519 521 10
519 523 10
519 527 10
519 530 10
519 531 10
519 532 10
519 534 10
519 536 10
519 538 10
519 540 10
519 541 10
519 543 10
519 548 10
519 550 10
519 557 10
519 559 10
520 483 10
520 484 10
520 490 10
520 492 10
520 498 10
520 502 10
520 508 10
520 509 10
520 529 10
520 530 10
520 531 10
520 532 10
520 535 10
520 536 10
520 537 10
520 538 10
520 543 10
520 544 10
520 548 10
520 549 10
520 551 10
521 480 10
521 483 10
521 492 10
521 498 10
521 505 10
521 507 10
521 508 10
521 509 10
521 511 10
521 512 10
521 520 10
521 522 10
521 529 10
521 530 10
521 531 10
521 532 10
521 539 10
521 540 10
521 541 10
521 546 10
521 549 10
521 550 10
522 478 10
522 481 10
522 482 10
522 484 10
522 489 10
522 491 10
522 497 10
522 499 10
522 501 10
522 503 10
522 505 10
522 508 10
522 510 10
522 515 10
522 528 10
522 529 10
522 531 10
522 538 10
522 542 10
522 544 10
522 551 10
523 477 10
523 479 10
523 484 10
523 486 10
523 488 10
523 491 10
523 494 10
523 501 10
523 505 10
523 507 10
523 508 10
523 511 10
523 514 10
523 516 10
523 517 10
523 527 10
523 529 10
523 530 10
523 531 10
523 540 10
523 541 10
523 542 10
523 547 10
523 549 10
523 558 10
524 479 10
524 480 10
524 481 10
524 483 10
524 484 10
524 487 10
524 489 10
524 490 10
524 492 10
524 495 10
524 500 10
524 517 10
524 527 10
524 529 10
524 536 10
524 539 10
524 540 10
524 541 10
524 542 10
524 543 10
524 544 10
524 552 10
525 478 10
525 479 10
525 480 10
525 481 10
525 482 10
525 484 10
525 485 10
525 486 10
525 487 10
525 488 10
525 490 10
525 491 10
525 492 10
525 493 10
525 494 10
525 495 10
525 496 10
525 497 10
525 500 10
525 501 10
525 509 10
525 510 10
525 512 10
525 513 10
525 514 10
525 516 10
525 517 10
525 527 10
525 528 10
525 531 10
525 532 10
525 533 10
525 534 10
525 535 10
525 537 10
525 540 10
525 541 10
525 545 10
525 546 10
525 548 10
525 550 10
525 552 10
525 554 10
525 559 10
526 479 10
526 482 10
526 483 10
526 486 10
526 487 10
526 488 10
526 489 10
526 490 10
526 491 10
526 492 10
526 493 10
526 514 10
526 515 10
526 517 10
526 526 10
526 528 10
526 529 10
526 530 10
526 532 10
526 533 10
526 536 10
526 537 10
526 539 10
526 540 10
526 541 10
526 542 10
526 543 10
526 546 10
526 547 10
526 548 10
526 551 10
526 553 10
527 479 10
527 486 10
527 487 10
527 488 10
527 489 10
527 490 10
527 491 10
527 493 10
527 494 10
527 495 10
527 496 10
527 499 10
527 500 10
527 510 10
527 514 10
527 515 10
527 518 10
527 523 10
527 528 10
527 534 10
527 535 10
527 537 10
527 541 10
527 545 10
527 547 10
527 550 10
527 552 10
527 554 10
527 557 10
528 473 10
528 484 10
528 485 10
528 486 10
528 487 10
528 489 10
528 490 10
528 491 10
528 492 10
528 493 10
528 495 10
528 497 10
528 508 10
528 509 10
528 513 10
528 516 10
528 523 10
528 530 10
528 533 10
528 534 10
528 537 10
528 543 10
528 544 10
528 545 10
528 546 10
528 549 10
528 550 10
529 484 10
529 486 10
529 487 10
529 488 10
529 489 10
529 490 10
529 493 10
529 494 10
529 496 10
529 497 10
529 500 10
529 511 10
529 519 10
529 520 10
529 534 10
529 535 10
529 536 10
529 537 10
529 541 10
529 543 10
529 546 10
529 548 10
529 549 10
529 550 10
529 557 10
530 478 10
530 487 10
530 489 10
530 490 10
530 491 10
530 493 10
530 494 10
530 496 10
530 499 10
530 509 10
530 518 10
530 520 10
530 533 10
530 541 10
530 542 10
530 550 10
530 558 10
531 481 10
531 488 10
531 491 10
531 492 10
531 494 10
531 496 10
531 497 10
531 499 10
531 507 10
531 511 10
531 512 10
531 516 10
531 518 10
531 520 10
531 522 10
531 524 10
531 525 10
531 532 10
531 534 10
531 536 10
531 537 10
531 539 10
531 545 10
531 546 10
531 548 10
531 549 10
531 551 10
531 557 10
532 485 10
532 489 10
532 490 10
532 493 10
532 494 10
532 496 10
532 497 10
532 498 10
532 499 10
532 502 10
532 503 10
532 519 10
532 521 10
532 528 10
532 532 10
532 533 10
532 539 10
532 547 10
532 549 10
533 487 10
533 490 10
533 491 10
533 493 10
533 500 10
533 501 10
533 503 10
533 505 10
533 507 10
533 513 10
533 517 10
533 520 10
533 524 10
533 531 10
533 533 10
533 551 10
534 487 10
534 489 10
534 491 10
534 492 10
534 493 10
534 494 10
534 496 10
534 498 10
534 502 10
534 503 10
534 508 10
534 515 10
534 520 10
534 522 10
534 524 10
534 534 10
534 545 10
534 549 10
534 564 10
535 487 10
535 488 10
535 489 10
535 493 10
535 500 10
535 501 10
535 502 10
535 504 10
535 506 10
535 507 10
535 508 10
535 511 10
535 512 10
535 514 10
535 515 10
535 518 10
535 519 10
535 521 10
535 522 10
535 534 10
535 536 10
535 547 10
535 548 10
535 564 10
535 566 10
535 567 10
536 480 10
536 486 10
536 487 10
536 488 10
536 491 10
536 494 10
536 495 10
536 496 10
536 499 10
536 501 10
536 502 10
536 503 10
536 504 10
536 505 10
536 508 10
536 509 10
536 510 10
536 511 10
536 515 10
536 516 10
536 518 10
536 521 10
536 524 10
536 525 10
536 537 10
536 557 10
536 562 10
536 566 10
536 569 10
537 488 10
537 489 10
537 490 10
537 491 10
537 497 10
537 502 10
537 505 10
537 506 10
537 507 10
537 508 10
537 510 10
537 511 10
537 513 10
537 514 10
537 521 10
537 525 10
537 537 10
537 539 10
537 546 10
537 563 10
537 566 10
537 570 10
538 476 10
538 482 10
538 484 10
538 486 10
538 490 10
538 503 10
538 504 10
538 506 10
538 507 10
538 508 10
538 509 10
538 510 10
538 511 10
538 512 10
538 514 10
538 515 10
538 516 10
538 517 10
538 524 10
538 525 10
538 538 10
538 542 10
538 553 10
538 555 10
538 556 10
538 560 10
539 481 10
539 482 10
539 484 10
539 485 10
539 486 10
539 487 10
539 488 10
539 490 10
539 491 10
539 504 10
539 505 10
539 507 10
539 509 10
539 510 10
539 513 10
539 514 10
539 515 10
539 519 10
539 530 10
539 550 10
539 554 10
539 555 10
539 560 10
540 474 10
540 475 10
540 477 10
540 483 10
540 488 10
540 489 10
540 490 10
540 502 10
540 503 10
540 504 10
540 506 10
540 508 10
540 509 10
540 510 10
540 511 10
540 515 10
540 516 10
540 517 10
540 521 10
540 525 10
540 526 10
540 527 10
540 528 10
540 529 10
540 542 10
540 551 10
540 555 10
540 558 10
540 560 10
541 478 10
541 481 10
541 483 10
541 485 10
541 486 10
541 490 10
541 492 10
541 494 10
541 506 10
541 509 10
541 511 10
541 513 10
541 514 10
541 515 10
541 516 10
541 517 10
541 518 10
541 521 10
541 523 10
541 525 10
541 536 10
541 537 10
541 543 10
541 560 10
541 562 10
541 564 10
541 567 10
542 482 10
542 483 10
542 485 10
542 486 10
542 487 10
542 489 10
542 495 10
542 497 10
542 506 10
542 507 10
542 508 10
542 509 10
542 514 10
542 515 10
542 516 10
542 518 10
542 521 10
542 523 10
542 526 10
542 527 10
542 528 10
542 538 10
542 539 10
542 559 10
542 560 10
542 561 10
542 562 10
542 563 10
542 564 10
543 482 10
543 483 10
543 488 10
543 492 10
543 493 10
543 498 10
543 499 10
543 504 10
543 505 10
543 506 10
543 507 10
543 509 10
543 510 10
543 515 10
543 518 10
543 520 10
543 523 10
543 535 10
543 538 10
543 540 10
543 543 10
543 554 10
543 556 10
543 557 10
543 559 10
543 560 10
543 562 10
543 564 10
543 569 10
544 478 10
544 481 10
544 482 10
544 484 10
544 500 10
544 505 10
544 508 10
544 509 10
544 511 10
544 516 10
544 520 10
544 525 10
544 536 10
544 537 10
544 538 10
544 540 10
544 543 10
544 559 10
544 560 10
544 561 10
544 562 10
544 563 10
544 567 10
545 481 10
545 482 10
545 485 10
545 489 10
545 491 10
545 496 10
545 503 10
545 509 10
545 511 10
545 519 10
545 525 10
545 527 10
545 529 10
545 530 10
545 538 10
545 539 10
545 541 10
545 542 10
545 543 10
545 545 10
545 556 10
545 559 10
545 560 10
545 561 10
545 563 10
545 564 10
545 566 10
546 479 10
546 481 10
546 482 10
546 483 10
546 490 10
546 493 10
546 498 10
546 499 10
546 506 10
546 523 10
546 527 10
546 528 10
546 530 10
546 531 10
546 536 10
546 537 10
546 538 10
546 539 10
546 542 10
546 560 10
546 561 10
546 562 10
547 484 10
547 492 10
547 501 10
547 505 10
547 506 10
547 509 10
547 512 10
547 515 10
547 516 10
547 519 10
547 522 10
547 524 10
547 526 10
547 527 10
547 533 10
547 545 10
547 552 10
547 561 10
547 562 10
548 472 10
548 476 10
548 480 10
548 481 10
548 488 10
548 489 10
548 497 10
548 498 10
548 501 10
548 505 10
548 509 10
548 525 10
548 526 10
548 527 10
548 528 10
548 529 10
548 532 10
548 533 10
548 540 10
548 542 10
548 545 10
548 563 10
548 565 10
548 566 10
549 472 10
549 475 10
549 484 10
549 488 10
549 495 10
549 497 10
549 498 10
549 500 10
549 501 10
549 503 10
549 510 10
549 526 10
549 527 10
549 528 10
549 529 10
549 530 10
549 533 10
549 540 10
549 547 10
549 552 10
549 553 10
549 562 10
550 475 10
550 477 10
550 483 10
550 484 10
550 485 10
550 486 10
550 491 10
550 492 10
550 493 10
550 494 10
550 498 10
550 501 10
550 503 10
550 505 10
550 506 10
550 507 10
550 513 10
550 514 10
550 525 10
550 527 10
550 532 10
550 537 10
550 539 10
550 542 10
550 544 10
550 550 10
550 552 10
551 477 10
551 487 10
551 490 10
551 494 10
551 496 10
551 502 10
551 503 10
551 504 10
551 505 10
551 511 10
551 524 10
551 526 10
551 528 10
551 529 10
551 535 10
551 537 10
551 539 10
551 540 10
551 541 10
552 486 10
552 490 10
552 491 10
552 492 10
552 493 10
552 494 10
552 497 10
552 498 10
552 500 10
552 501 10
552 502 10
552 503 10
552 504 10
552 505 10
552 507 10
552 509 10
552 513 10
552 524 10
552 526 10
552 527 10
552 530 10
552 535 10
552 538 10
552 542 10
552 545 10
552 549 10
552 551 10
553 479 10
553 482 10
553 490 10
553 493 10
553 494 10
553 500 10
553 501 10
553 502 10
553 503 10
553 504 10
553 506 10
553 507 10
553 512 10
553 513 10
553 514 10
553 533 10
553 540 10
553 541 10
553 546 10
553 549 10
553 552 10
553 556 10
553 558 10
554 482 10
554 485 10
554 488 10
554 489 10
554 493 10
554 495 10
554 497 10
554 500 10
554 501 10
554 502 10
554 503 10
554 504 10
554 507 10
554 510 10
554 512 10
554 522 10
554 537 10
554 539 10
554 543 10
554 545 10
554 550 10
554 556 10
555 468 10
555 482 10
555 491 10
555 498 10
555 500 10
555 501 10
555 506 10
555 507 10
555 509 10
555 510 10
555 513 10
555 516 10
555 518 10
555 523 10
555 524 10
555 526 10
555 538 10
556 475 10
556 476 10
556 482 10
556 484 10
556 492 10
556 501 10
556 502 10
556 505 10
556 510 10
556 511 10
556 514 10
556 523 10
556 524 10
556 539 10
557 467 10
557 470 10
557 471 10
557 474 10
557 476 10
557 481 10
557 482 10
557 483 10
557 489 10
557 490 10
557 492 10
557 497 10
557 499 10
557 500 10
557 501 10
557 506 10
557 511 10
557 512 10
557 514 10
557 521 10
557 522 10
557 524 10
557 525 10
557 537 10
557 539 10
557 545 10
557 550 10
558 471 10
558 475 10
558 477 10
558 480 10
558 481 10
558 483 10
558 489 10
558 490 10
558 496 10
558 502 10
558 513 10
558 514 10
558 526 10
558 532 10
558 533 10
558 548 10
558 549 10
559 475 10
559 482 10
559 486 10
559 501 10
559 506 10
559 510 10
559 511 10
559 514 10
559 515 10
559 541 10
559 544 10
559 546 10
559 547 10
559 551 10
560 473 10
560 476 10
560 477 10
560 478 10
560 483 10
560 502 10
560 506 10
560 508 10
560 512 10
560 516 10
560 517 10
560 518 10
560 535 10
560 546 10
561 465 10
561 466 10
561 471 10
561 478 10
561 483 10
561 484 10
561 485 10
561 486 10
561 487 10
561 511 10
561 513 10
561 515 10
561 517 10
561 519 10
561 540 10
561 542 10
561 545 10
561 547 10
562 471 10
562 479 10
562 484 10
562 485 10
562 504 10
562 508 10
562 515 10
562 547 10
562 549 10
562 553 10
563 479 10
563 483 10
563 484 10
563 486 10
563 506 10
563 507 10
563 508 10
563 509 10
563 514 10
563 517 10
563 519 10
563 527 10
563 551 10
563 554 10
564 463 10
564 467 10
564 470 10
564 472 10
564 473 10
564 482 10
564 485 10
564 508 10
564 510 10
564 513 10
564 519 10
564 544 10
564 545 10
564 546 10
564 547 10
564 548 10
564 549 10
564 551 10
565 460 10
565 462 10
565 467 10
565 481 10
565 482 10
565 483 10
565 484 10
565 485 10
565 507 10
565 508 10
565 526 10
565 528 10
565 546 10
565 547 10
565 550 10
565 555 10
566 459 10
566 462 10
566 464 10
566 471 10
566 476 10
566 477 10
566 484 10
566 485 10
566 507 10
566 509 10
566 510 10
566 511 10
566 512 10
566 527 10
566 528 10
566 548 10
566 551 10
567 463 10
567 464 10
567 466 10
567 473 10
567 475 10
567 476 10
567 479 10
567 486 10
567 506 10
567 509 10
567 545 10
568 457 10
568 463 10
568 464 10
568 465 10
568 473 10
568 474 10
568 486 10
568 506 10
568 509 10
568 513 10
569 460 10
569 463 10
569 464 10
569 468 10
569 473 10
569 475 10
569 488 10
569 543 10
570 460 10
570 464 10
570 471 10
570 472 10
570 474 10
570 476 10
570 478 10
570 479 10
571 467 10
571 473 10
571 476 10
571 489 10
572 463 10
572 479 10
572 491 10
572 493 10
572 494 10
573 467 10
573 469 10
573 474 10
573 476 10
573 483 10
573 493 10
574 467 10
574 483 10
574 488 10
575 471 10
575 475 10
576 469 10
577 471 10
577 477 10
579 469 10
580 470 10
581 470 10
581 471 10
583 468 10
583 469 10
