1024
407 510 10
408 507 10
409 510 10
409 533 10
410 523 10
411 510 10
411 512 10
411 513 10
411 521 10
411 534 10
412 495 10
412 497 10
412 499 10
412 505 10
412 509 10
413 497 10
413 499 10
413 507 10
413 510 10
413 511 10
413 535 10
413 536 10
413 543 10
414 495 10
414 498 10
414 499 10
414 513 10
414 514 10
414 533 10
414 534 10
414 540 10
414 543 10
415 497 10
415 500 10
415 506 10
415 508 10
415 510 10
415 534 10
415 537 10
415 544 10
416 497 10
416 498 10
416 503 10
416 504 10
416 505 10
416 507 10
416 510 10
416 513 10
416 514 10
416 525 10
416 527 10
416 528 10
416 533 10
416 536 10
416 537 10
416 539 10
416 540 10
416 541 10
416 545 10
417 499 10
417 501 10
417 503 10
417 504 10
417 505 10
417 506 10
417 517 10
417 527 10
417 529 10
417 533 10
417 538 10
417 539 10
417 540 10
417 542 10
417 544 10
417 547 10
418 499 10
418 500 10
418 502 10
418 503 10
418 506 10
418 524 10
418 527 10
418 529 10
418 533 10
418 539 10
418 542 10
419 501 10
419 504 10
419 508 10
419 511 10
419 530 10
419 536 10
419 538 10
419 539 10
419 542 10
419 545 10
419 546 10
420 502 10
420 503 10
420 504 10
420 505 10
420 515 10
420 518 10
420 519 10
420 521 10
420 525 10
420 526 10
420 530 10
420 531 10
420 532 10
420 537 10
420 539 10
420 540 10
420 541 10
420 543 10
420 544 10
420 545 10
421 503 10
421 506 10
421 507 10
421 508 10
421 509 10
421 510 10
421 519 10
421 521 10
421 532 10
421 533 10
421 542 10
421 543 10
422 509 10
422 517 10
422 520 10
422 522 10
422 527 10
422 529 10
422 533 10
422 536 10
422 537 10
422 539 10
422 540 10
422 545 10
422 546 10
423 502 10
423 517 10
423 518 10
423 519 10
423 520 10
423 522 10
423 528 10
423 531 10
423 537 10
423 539 10
423 540 10
424 502 10
424 504 10
424 507 10
424 519 10
424 520 10
424 523 10
424 533 10
424 534 10
424 535 10
424 536 10
424 537 10
424 538 10
424 541 10
424 542 10
425 495 10
425 501 10
425 502 10
425 517 10
425 518 10
425 519 10
425 520 10
425 521 10
425 523 10
425 531 10
425 532 10
425 533 10
425 537 10
425 538 10
426 504 10
426 516 10
426 518 10
426 519 10
426 520 10
426 528 10
426 535 10
426 536 10
426 537 10
426 538 10
426 539 10
426 542 10
426 545 10
426 546 10
426 547 10
427 502 10
427 503 10
427 513 10
427 518 10
427 520 10
427 521 10
427 526 10
427 527 10
427 528 10
427 531 10
427 533 10
427 535 10
427 540 10
427 545 10
427 546 10
427 548 10
428 503 10
428 520 10
428 526 10
428 528 10
428 530 10
428 531 10
428 532 10
428 534 10
428 536 10
428 547 10
428 548 10
429 494 10
429 495 10
429 502 10
429 503 10
429 505 10
429 506 10
429 509 10
429 519 10
429 521 10
429 522 10
429 523 10
429 525 10
429 528 10
429 529 10
429 530 10
429 531 10
429 533 10
429 535 10
429 537 10
429 538 10
429 546 10
429 550 10
430 500 10
430 501 10
430 505 10
430 509 10
430 512 10
430 514 10
430 518 10
430 519 10
430 521 10
430 522 10
430 526 10
430 527 10
430 528 10
430 529 10
430 530 10
430 535 10
430 536 10
431 494 10
431 496 10
431 503 10
431 504 10
431 505 10
431 506 10
431 512 10
431 521 10
431 522 10
431 523 10
431 525 10
431 527 10
431 529 10
431 530 10
431 531 10
431 535 10
432 500 10
432 502 10
432 511 10
432 514 10
432 516 10
432 518 10
432 520 10
432 521 10
432 522 10
432 523 10
432 526 10
432 527 10
432 528 10
432 529 10
432 530 10
432 534 10
432 542 10
433 503 10
433 504 10
433 511 10
433 513 10
433 516 10
433 519 10
433 522 10
433 523 10
433 527 10
433 528 10
433 530 10
433 532 10
433 534 10
433 538 10
433 540 10
434 504 10
434 507 10
434 510 10
434 512 10
434 513 10
434 520 10
434 521 10
434 522 10
434 526 10
434 527 10
434 529 10
434 531 10
434 533 10
434 534 10
435 511 10
435 513 10
435 514 10
435 515 10
435 520 10
435 521 10
435 523 10
435 526 10
435 528 10
435 530 10
435 531 10
435 534 10
435 537 10
435 539 10
436 505 10
436 510 10
436 511 10
436 513 10
436 515 10
436 518 10
436 521 10
436 522 10
436 523 10
436 525 10
436 527 10
436 531 10
436 534 10
436 536 10
436 538 10
436 539 10
437 512 10
437 513 10
437 514 10
437 525 10
437 527 10
437 538 10
437 539 10
437 540 10
438 504 10
438 507 10
438 509 10
438 514 10
438 516 10
438 517 10
438 519 10
438 521 10
438 523 10
438 524 10
438 538 10
438 539 10
438 543 10
439 503 10
439 509 10
439 511 10
439 512 10
439 514 10
439 519 10
439 520 10
439 539 10
439 540 10
439 542 10
440 503 10
440 505 10
440 508 10
440 509 10
440 510 10
440 512 10
440 517 10
440 518 10
440 519 10
440 521 10
440 532 10
440 538 10
440 540 10
441 507 10
441 519 10
441 536 10
441 537 10
441 539 10
441 540 10
441 542 10
442 509 10
442 512 10
442 514 10
442 516 10
442 518 10
442 519 10
442 520 10
442 526 10
442 527 10
442 528 10
442 529 10
442 536 10
442 539 10
442 542 10
443 503 10
443 510 10
443 512 10
443 513 10
443 514 10
443 521 10
443 529 10
443 535 10
443 538 10
443 540 10
443 544 10
444 511 10
444 515 10
444 526 10
444 527 10
444 528 10
444 530 10
444 531 10
444 533 10
444 537 10
444 539 10
445 505 10
445 513 10
445 530 10
445 540 10
446 510 10
446 512 10
446 515 10
446 516 10
446 519 10
446 528 10
446 530 10
446 540 10
447 505 10
447 508 10
447 509 10
447 517 10
447 527 10
447 530 10
447 531 10
447 541 10
447 553 10
448 503 10
448 504 10
448 510 10
448 512 10
448 514 10
448 527 10
448 531 10
448 556 10
448 559 10
449 508 10
449 510 10
449 517 10
449 526 10
449 558 10
449 559 10
449 562 10
449 564 10
450 503 10
450 509 10
450 511 10
450 512 10
450 529 10
450 531 10
450 533 10
450 534 10
450 557 10
450 559 10
451 522 10
451 528 10
451 532 10
451 535 10
451 556 10
451 557 10
451 558 10
451 559 10
451 560 10
451 561 10
451 562 10
451 564 10
452 484 10
452 488 10
452 518 10
452 519 10
452 520 10
452 524 10
452 529 10
452 531 10
452 533 10
452 535 10
452 536 10
452 539 10
452 540 10
452 541 10
452 553 10
452 555 10
452 556 10
452 557 10
452 565 10
453 489 10
453 499 10
453 509 10
453 519 10
453 523 10
453 527 10
453 529 10
453 530 10
453 531 10
453 533 10
453 537 10
453 550 10
453 552 10
453 557 10
453 558 10
453 560 10
453 561 10
453 562 10
453 563 10
453 566 10
454 487 10
454 488 10
454 499 10
454 507 10
454 508 10
454 511 10
454 521 10
454 523 10
454 524 10
454 532 10
454 533 10
454 534 10
454 540 10
454 554 10
454 557 10
454 558 10
454 559 10
454 562 10
454 566 10
455 484 10
455 487 10
455 490 10
455 499 10
455 504 10
455 505 10
455 511 10
455 518 10
455 519 10
455 525 10
455 526 10
455 531 10
455 534 10
455 535 10
455 539 10
455 557 10
455 559 10
456 460 10
456 472 10
456 487 10
456 488 10
456 490 10
456 492 10
456 497 10
456 498 10
456 507 10
456 513 10
456 520 10
456 522 10
456 524 10
456 532 10
456 554 10
456 556 10
456 568 10
457 460 10
457 463 10
457 464 10
457 472 10
457 478 10
457 479 10
457 486 10
457 487 10
457 488 10
457 489 10
457 490 10
457 493 10
457 494 10
457 501 10
457 506 10
457 509 10
457 512 10
457 519 10
457 521 10
457 523 10
457 524 10
457 526 10
457 533 10
457 536 10
457 537 10
457 541 10
457 554 10
458 460 10
458 462 10
458 469 10
458 478 10
458 479 10
458 486 10
458 487 10
458 489 10
458 492 10
458 498 10
458 500 10
458 502 10
458 506 10
458 509 10
458 510 10
458 516 10
458 524 10
458 526 10
458 527 10
458 530 10
458 531 10
458 532 10
458 533 10
458 535 10
458 541 10
458 543 10
458 554 10
458 555 10
458 558 10
458 566 10
458 568 10
459 462 10
459 463 10
459 464 10
459 468 10
459 469 10
459 474 10
459 478 10
459 485 10
459 487 10
459 491 10
459 492 10
459 493 10
459 495 10
459 502 10
459 505 10
459 506 10
459 508 10
459 509 10
459 511 10
459 517 10
459 520 10
459 523 10
459 533 10
459 534 10
459 537 10
459 554 10
459 555 10
459 556 10
459 563 10
459 567 10
460 462 10
460 463 10
460 465 10
460 466 10
460 467 10
460 468 10
460 470 10
460 471 10
460 473 10
460 482 10
460 484 10
460 485 10
460 487 10
460 488 10
460 490 10
460 491 10
460 493 10
460 496 10
460 503 10
460 504 10
460 505 10
460 507 10
460 514 10
460 515 10
460 516 10
460 518 10
460 519 10
460 520 10
460 522 10
460 523 10
460 524 10
460 528 10
460 529 10
460 534 10
460 537 10
460 541 10
460 554 10
460 555 10
460 558 10
460 559 10
460 560 10
460 561 10
460 562 10
460 563 10
461 462 10
461 463 10
461 464 10
461 465 10
461 467 10
461 470 10
461 471 10
461 473 10
461 477 10
461 478 10
461 482 10
461 485 10
461 490 10
461 491 10
461 492 10
461 493 10
461 494 10
461 497 10
461 498 10
461 499 10
461 503 10
461 505 10
461 506 10
461 507 10
461 516 10
461 517 10
461 518 10
461 519 10
461 523 10
461 526 10
461 534 10
461 536 10
461 552 10
461 553 10
461 556 10
461 557 10
461 560 10
461 563 10
461 564 10
461 565 10
461 567 10
462 459 10
462 460 10
462 465 10
462 466 10
462 467 10
462 470 10
462 471 10
462 474 10
462 476 10
462 479 10
462 481 10
462 482 10
462 483 10
462 486 10
462 487 10
462 489 10
462 492 10
462 493 10
462 498 10
462 500 10
462 502 10
462 510 10
462 513 10
462 514 10
462 517 10
462 519 10
462 523 10
462 524 10
462 527 10
462 531 10
462 536 10
462 539 10
462 552 10
462 555 10
462 558 10
462 559 10
462 561 10
462 562 10
463 459 10
463 461 10
463 462 10
463 466 10
463 470 10
463 471 10
463 472 10
463 474 10
463 479 10
463 481 10
463 483 10
463 485 10
463 487 10
463 489 10
463 492 10
463 496 10
463 498 10
463 501 10
463 504 10
463 510 10
463 513 10
463 514 10
463 517 10
463 519 10
463 522 10
463 523 10
463 524 10
463 525 10
463 526 10
463 534 10
463 538 10
463 540 10
463 541 10
463 545 10
463 546 10
463 555 10
463 556 10
463 557 10
463 558 10
463 559 10
463 561 10
464 464 10
464 466 10
464 468 10
464 470 10
464 471 10
464 472 10
464 473 10
464 475 10
464 480 10
464 483 10
464 485 10
464 493 10
464 494 10
464 496 10
464 498 10
464 499 10
464 500 10
464 502 10
464 505 10
464 506 10
464 508 10
464 510 10
464 511 10
464 512 10
464 515 10
464 521 10
464 522 10
464 523 10
464 524 10
464 525 10
464 526 10
464 530 10
464 531 10
464 535 10
464 538 10
464 540 10
464 541 10
464 543 10
464 546 10
464 553 10
464 555 10
464 557 10
464 558 10
465 458 10
465 459 10
465 460 10
465 461 10
465 462 10
465 464 10
465 467 10
465 469 10
465 470 10
465 472 10
465 476 10
465 478 10
465 479 10
465 480 10
465 483 10
465 487 10
465 491 10
465 494 10
465 496 10
465 500 10
465 504 10
465 505 10
465 511 10
465 513 10
465 514 10
465 515 10
465 518 10
465 521 10
465 522 10
465 523 10
465 524 10
465 527 10
465 529 10
465 546 10
465 548 10
465 552 10
465 553 10
465 554 10
465 556 10
466 455 10
466 456 10
466 459 10
466 460 10
466 462 10
466 463 10
466 468 10
466 470 10
466 471 10
466 472 10
466 473 10
466 474 10
466 475 10
466 476 10
466 480 10
466 481 10
466 482 10
466 483 10
466 484 10
466 490 10
466 493 10
466 497 10
466 500 10
466 502 10
466 503 10
466 506 10
466 508 10
466 509 10
466 514 10
466 519 10
466 520 10
466 521 10
466 522 10
466 523 10
466 524 10
466 525 10
466 526 10
466 529 10
466 539 10
466 541 10
466 548 10
466 554 10
467 457 10
467 458 10
467 460 10
467 462 10
467 464 10
467 466 10
467 468 10
467 469 10
467 471 10
467 476 10
467 477 10
467 478 10
467 479 10
467 488 10
467 499 10
467 501 10
467 503 10
467 509 10
467 510 10
467 511 10
467 512 10
467 516 10
467 517 10
467 518 10
467 521 10
467 522 10
467 523 10
467 524 10
467 526 10
467 530 10
467 540 10
467 546 10
468 460 10
468 462 10
468 464 10
468 465 10
468 467 10
468 470 10
468 472 10
468 473 10
468 474 10
468 475 10
468 477 10
468 480 10
468 481 10
468 492 10
468 500 10
468 502 10
468 506 10
468 507 10
468 510 10
468 511 10
468 512 10
468 515 10
468 516 10
468 519 10
468 520 10
468 521 10
468 523 10
468 525 10
468 530 10
468 534 10
468 537 10
468 538 10
468 544 10
468 546 10
468 554 10
468 556 10
469 462 10
469 463 10
469 466 10
469 467 10
469 469 10
469 474 10
469 479 10
469 480 10
469 482 10
469 486 10
469 488 10
469 493 10
469 494 10
469 500 10
469 503 10
469 504 10
469 507 10
469 513 10
469 514 10
469 517 10
469 521 10
469 523 10
469 525 10
469 536 10
469 537 10
469 539 10
469 540 10
469 542 10
470 458 10
470 460 10
470 469 10
470 471 10
470 474 10
470 475 10
470 476 10
470 480 10
470 482 10
470 488 10
470 489 10
470 490 10
470 491 10
470 502 10
470 504 10
470 506 10
470 507 10
470 508 10
470 510 10
470 511 10
470 512 10
470 515 10
470 517 10
470 518 10
470 520 10
470 522 10
470 524 10
470 534 10
470 544 10
470 545 10
470 546 10
470 547 10
470 549 10
471 459 10
471 463 10
471 464 10
471 465 10
471 466 10
471 467 10
471 469 10
471 471 10
471 472 10
471 473 10
471 474 10
471 476 10
471 478 10
471 482 10
471 483 10
471 484 10
471 488 10
471 489 10
471 501 10
471 502 10
471 503 10
471 505 10
471 506 10
471 507 10
471 508 10
471 510 10
471 513 10
471 517 10
471 519 10
471 522 10
471 523 10
471 524 10
471 526 10
471 527 10
471 530 10
471 531 10
471 533 10
471 534 10
471 536 10
471 537 10
471 538 10
471 539 10
471 546 10
471 547 10
472 458 10
472 460 10
472 463 10
472 468 10
472 471 10
472 473 10
472 476 10
472 480 10
472 482 10
472 483 10
472 490 10
472 491 10
472 492 10
472 495 10
472 496 10
472 501 10
472 502 10
472 503 10
472 504 10
472 505 10
472 506 10
472 507 10
472 508 10
472 509 10
472 510 10
472 513 10
472 516 10
472 517 10
472 519 10
472 520 10
472 525 10
472 528 10
472 529 10
472 532 10
472 534 10
472 539 10
472 540 10
472 541 10
472 544 10
472 547 10
472 548 10
473 455 10
473 457 10
473 460 10
473 463 10
473 465 10
473 466 10
473 467 10
473 468 10
473 475 10
473 477 10
473 478 10
473 481 10
473 483 10
473 484 10
473 485 10
473 487 10
473 488 10
473 492 10
473 494 10
473 501 10
473 504 10
473 506 10
473 507 10
473 509 10
473 510 10
473 512 10
473 517 10
473 519 10
473 522 10
473 523 10
473 525 10
473 532 10
473 533 10
473 534 10
473 535 10
473 536 10
473 541 10
473 542 10
473 544 10
474 455 10
474 457 10
474 458 10
474 460 10
474 461 10
474 464 10
474 466 10
474 467 10
474 469 10
474 470 10
474 475 10
474 476 10
474 478 10
474 479 10
474 480 10
474 481 10
474 486 10
474 487 10
474 490 10
474 491 10
474 495 10
474 498 10
474 499 10
474 501 10
474 504 10
474 506 10
474 508 10
474 511 10
474 513 10
474 515 10
474 517 10
474 519 10
474 524 10
474 525 10
474 527 10
474 529 10
474 530 10
474 531 10
474 532 10
474 537 10
474 542 10
474 543 10
474 544 10
474 546 10
475 453 10
475 454 10
475 455 10
475 459 10
475 460 10
475 461 10
475 462 10
475 463 10
475 464 10
475 467 10
475 468 10
475 469 10
475 477 10
475 478 10
475 479 10
475 480 10
475 481 10
475 482 10
475 484 10
475 486 10
475 487 10
475 489 10
475 490 10
475 494 10
475 501 10
475 502 10
475 503 10
475 505 10
475 506 10
475 507 10
475 509 10
475 510 10
475 511 10
475 512 10
475 513 10
475 517 10
475 519 10
475 521 10
475 523 10
475 529 10
475 532 10
475 533 10
475 535 10
475 537 10
475 540 10
475 541 10
475 543 10
475 545 10
476 454 10
476 456 10
476 458 10
476 459 10
476 461 10
476 464 10
476 465 10
476 466 10
476 467 10
476 468 10
476 469 10
476 471 10
476 473 10
476 474 10
476 475 10
476 476 10
476 477 10
476 478 10
476 479 10
476 485 10
476 487 10
476 488 10
476 489 10
476 490 10
476 495 10
476 499 10
476 504 10
476 506 10
476 508 10
476 510 10
476 513 10
476 514 10
476 516 10
476 518 10
476 520 10
476 522 10
476 523 10
476 526 10
476 527 10
476 528 10
476 531 10
476 534 10
476 535 10
476 536 10
476 537 10
476 540 10
476 543 10
476 546 10
477 456 10
477 464 10
477 465 10
477 466 10
477 467 10
477 469 10
477 473 10
477 475 10
477 480 10
477 481 10
477 485 10
477 486 10
477 488 10
477 489 10
477 491 10
477 495 10
477 501 10
477 502 10
477 503 10
477 504 10
477 513 10
477 514 10
477 515 10
477 516 10
477 517 10
477 521 10
477 524 10
477 525 10
477 531 10
477 534 10
477 537 10
477 538 10
477 541 10
477 543 10
478 454 10
478 455 10
478 456 10
478 460 10
478 461 10
478 462 10
478 463 10
478 464 10
478 465 10
478 466 10
478 467 10
478 469 10
478 473 10
478 474 10
478 476 10
478 477 10
478 478 10
478 479 10
478 480 10
478 481 10
478 482 10
478 484 10
478 486 10
478 487 10
478 488 10
478 489 10
478 491 10
478 503 10
478 506 10
478 508 10
478 509 10
478 510 10
478 511 10
478 514 10
478 515 10
478 516 10
478 523 10
478 524 10
478 526 10
478 528 10
478 529 10
478 530 10
478 532 10
478 537 10
478 540 10
478 543 10
478 546 10
478 547 10
479 459 10
479 461 10
479 462 10
479 463 10
479 464 10
479 465 10
479 471 10
479 472 10
479 473 10
479 475 10
479 476 10
479 480 10
479 481 10
479 482 10
479 484 10
479 489 10
479 491 10
479 500 10
479 502 10
479 503 10
479 504 10
479 507 10
479 509 10
479 512 10
479 514 10
479 515 10
479 523 10
479 524 10
479 525 10
479 533 10
479 534 10
479 540 10
480 458 10
480 460 10
480 461 10
480 462 10
480 463 10
480 464 10
480 465 10
480 466 10
480 467 10
480 468 10
480 470 10
480 471 10
480 472 10
480 473 10
480 474 10
480 476 10
480 478 10
480 479 10
480 480 10
480 481 10
480 482 10
480 483 10
480 488 10
480 491 10
480 493 10
480 495 10
480 500 10
480 503 10
480 507 10
480 508 10
480 509 10
480 511 10
480 512 10
480 522 10
480 523 10
480 525 10
480 527 10
480 528 10
480 529 10
480 530 10
480 531 10
480 533 10
480 535 10
480 538 10
480 539 10
480 546 10
480 547 10
481 459 10
481 460 10
481 461 10
481 462 10
481 463 10
481 464 10
481 465 10
481 466 10
481 469 10
481 470 10
481 471 10
481 473 10
481 476 10
481 478 10
481 480 10
481 482 10
481 484 10
481 486 10
481 493 10
481 500 10
481 502 10
481 507 10
481 509 10
481 512 10
481 524 10
481 527 10
481 528 10
481 530 10
481 531 10
481 532 10
481 534 10
481 541 10
481 542 10
482 458 10
482 462 10
482 465 10
482 466 10
482 467 10
482 468 10
482 470 10
482 472 10
482 473 10
482 474 10
482 475 10
482 476 10
482 478 10
482 479 10
482 481 10
482 484 10
482 492 10
482 495 10
482 498 10
482 499 10
482 501 10
482 502 10
482 504 10
482 510 10
482 513 10
482 516 10
482 517 10
482 518 10
482 522 10
482 524 10
482 526 10
482 527 10
482 529 10
482 531 10
482 532 10
482 533 10
482 534 10
482 541 10
483 462 10
483 464 10
483 467 10
483 468 10
483 471 10
483 472 10
483 473 10
483 477 10
483 478 10
483 479 10
483 480 10
483 481 10
483 485 10
483 489 10
483 497 10
483 499 10
483 508 10
483 510 10
483 511 10
483 512 10
483 518 10
483 520 10
483 521 10
483 523 10
483 524 10
483 526 10
483 529 10
483 543 10
484 460 10
484 463 10
484 464 10
484 465 10
484 468 10
484 470 10
484 471 10
484 472 10
484 473 10
484 475 10
484 477 10
484 481 10
484 482 10
484 484 10
484 487 10
484 489 10
484 507 10
484 511 10
484 513 10
484 517 10
484 521 10
484 522 10
484 524 10
484 525 10
484 527 10
484 528 10
484 530 10
484 531 10
484 533 10
484 534 10
484 536 10
484 537 10
485 460 10
485 461 10
485 463 10
485 464 10
485 466 10
485 469 10
485 470 10
485 471 10
485 473 10
485 474 10
485 475 10
485 476 10
485 478 10
485 479 10
485 486 10
485 495 10
485 499 10
485 504 10
485 508 10
485 509 10
485 510 10
485 511 10
485 513 10
485 515 10
485 517 10
485 518 10
485 519 10
485 520 10
485 521 10
485 522 10
485 523 10
485 524 10
485 526 10
485 527 10
485 530 10
485 532 10
486 458 10
486 460 10
486 462 10
486 463 10
486 465 10
486 467 10
486 471 10
486 474 10
486 478 10
486 480 10
486 482 10
486 484 10
486 498 10
486 502 10
486 503 10
486 506 10
486 509 10
486 510 10
486 513 10
486 518 10
486 521 10
486 522 10
486 523 10
486 524 10
486 525 10
486 526 10
486 529 10
486 531 10
486 534 10
486 535 10
486 536 10
486 537 10
487 457 10
487 459 10
487 460 10
487 462 10
487 464 10
487 466 10
487 468 10
487 472 10
487 474 10
487 476 10
487 477 10
487 478 10
487 483 10
487 486 10
487 488 10
487 491 10
487 496 10
487 497 10
487 499 10
487 500 10
487 503 10
487 504 10
487 505 10
487 507 10
487 508 10
487 509 10
487 512 10
487 517 10
487 518 10
487 520 10
487 522 10
487 523 10
487 524 10
487 525 10
487 529 10
487 531 10
487 532 10
487 534 10
487 535 10
487 536 10
487 537 10
487 538 10
487 540 10
488 458 10
488 460 10
488 462 10
488 463 10
488 464 10
488 465 10
488 466 10
488 472 10
488 481 10
488 485 10
488 486 10
488 489 10
488 491 10
488 493 10
488 497 10
488 501 10
488 504 10
488 507 10
488 512 10
488 513 10
488 515 10
488 518 10
488 520 10
488 522 10
488 523 10
488 526 10
488 528 10
488 529 10
488 531 10
488 533 10
488 535 10
488 536 10
489 459 10
489 460 10
489 462 10
489 463 10
489 464 10
489 465 10
489 466 10
489 467 10
489 468 10
489 469 10
489 471 10
489 472 10
489 476 10
489 480 10
489 484 10
489 485 10
489 488 10
489 489 10
489 491 10
489 493 10
489 495 10
489 497 10
489 499 10
489 503 10
489 508 10
489 515 10
489 518 10
489 519 10
489 520 10
489 523 10
489 529 10
489 530 10
489 531 10
489 534 10
489 535 10
489 536 10
489 537 10
489 538 10
489 539 10
489 549 10
490 448 10
490 451 10
490 462 10
490 463 10
490 464 10
490 465 10
490 466 10
490 467 10
490 468 10
490 469 10
490 470 10
490 471 10
490 479 10
490 487 10
490 488 10
490 493 10
490 494 10
490 496 10
490 497 10
490 502 10
490 510 10
490 511 10
490 512 10
490 513 10
490 516 10
490 517 10
490 518 10
490 519 10
490 521 10
490 522 10
490 523 10
490 524 10
490 525 10
490 526 10
490 527 10
490 528 10
490 529 10
490 537 10
490 539 10
490 540 10
490 541 10
490 547 10
490 548 10
491 465 10
491 466 10
491 467 10
491 469 10
491 471 10
491 485 10
491 488 10
491 490 10
491 492 10
491 494 10
491 503 10
491 509 10
491 511 10
491 512 10
491 516 10
491 518 10
491 525 10
491 526 10
491 527 10
491 537 10
491 538 10
491 539 10
491 541 10
491 547 10
491 548 10
491 578 10
492 452 10
492 464 10
492 466 10
492 467 10
492 469 10
492 472 10
492 473 10
492 475 10
492 478 10
492 480 10
492 482 10
492 489 10
492 490 10
492 494 10
492 495 10
492 496 10
492 497 10
492 500 10
492 507 10
492 508 10
492 510 10
492 511 10
492 517 10
492 519 10
492 522 10
492 524 10
492 525 10
492 526 10
492 527 10
492 528 10
492 529 10
492 535 10
492 536 10
492 541 10
492 547 10
492 549 10
492 551 10
492 580 10
493 441 10
493 444 10
493 448 10
493 450 10
493 465 10
493 467 10
493 469 10
493 470 10
493 471 10
493 472 10
493 477 10
493 479 10
493 480 10
493 483 10
493 488 10
493 494 10
493 497 10
493 499 10
493 500 10
493 508 10
493 509 10
493 510 10
493 511 10
493 512 10
493 515 10
493 518 10
493 519 10
493 526 10
493 528 10
493 534 10
493 535 10
493 536 10
493 538 10
493 543 10
493 560 10
493 578 10
494 441 10
494 468 10
494 470 10
494 473 10
494 478 10
494 483 10
494 489 10
494 493 10
494 494 10
494 495 10
494 496 10
494 497 10
494 498 10
494 502 10
494 503 10
494 504 10
494 505 10
494 506 10
494 507 10
494 508 10
494 509 10
494 510 10
494 512 10
494 513 10
494 514 10
494 518 10
494 521 10
494 528 10
494 530 10
494 536 10
494 539 10
494 540 10
494 547 10
494 551 10
494 580 10
495 444 10
495 459 10
495 466 10
495 469 10
495 470 10
495 472 10
495 478 10
495 480 10
495 484 10
495 486 10
495 487 10
495 490 10
495 492 10
495 494 10
495 495 10
495 496 10
495 501 10
495 503 10
495 504 10
495 505 10
495 506 10
495 508 10
495 509 10
495 511 10
495 514 10
495 521 10
495 522 10
495 526 10
495 528 10
495 531 10
495 536 10
495 537 10
495 538 10
495 540 10
495 546 10
495 554 10
495 556 10
495 575 10
495 577 10
495 580 10
495 582 10
496 440 10
496 447 10
496 448 10
496 456 10
496 457 10
496 469 10
496 471 10
496 472 10
496 478 10
496 480 10
496 484 10
496 489 10
496 491 10
496 493 10
496 494 10
496 498 10
496 502 10
496 506 10
496 507 10
496 508 10
496 509 10
496 510 10
496 512 10
496 514 10
496 518 10
496 519 10
496 520 10
496 528 10
496 529 10
496 530 10
496 531 10
496 532 10
496 538 10
496 539 10
496 541 10
496 544 10
496 545 10
496 546 10
496 548 10
496 561 10
496 564 10
496 571 10
496 577 10
496 579 10
496 581 10
497 445 10
497 450 10
497 453 10
497 456 10
497 457 10
497 470 10
497 472 10
497 476 10
497 496 10
497 504 10
497 505 10
497 507 10
497 508 10
497 509 10
497 510 10
497 511 10
497 512 10
497 514 10
497 515 10
497 516 10
497 518 10
497 520 10
497 521 10
497 528 10
497 529 10
497 530 10
497 532 10
497 538 10
497 542 10
497 545 10
497 547 10
497 558 10
497 564 10
497 566 10
497 570 10
497 573 10
498 449 10
498 452 10
498 468 10
498 471 10
498 472 10
498 473 10
498 491 10
498 492 10
498 493 10
498 496 10
498 497 10
498 499 10
498 500 10
498 501 10
498 504 10
498 505 10
498 506 10
498 507 10
498 508 10
498 509 10
498 510 10
498 512 10
498 518 10
498 519 10
498 520 10
498 526 10
498 528 10
498 529 10
498 531 10
498 532 10
498 534 10
498 535 10
498 538 10
498 540 10
498 541 10
498 542 10
498 543 10
498 545 10
498 547 10
498 549 10
498 566 10
498 570 10
498 575 10
499 439 10
499 444 10
499 450 10
499 453 10
499 457 10
499 466 10
499 495 10
499 497 10
499 500 10
499 506 10
499 507 10
499 508 10
499 509 10
499 510 10
499 512 10
499 513 10
499 514 10
499 515 10
499 516 10
499 521 10
499 527 10
499 530 10
499 534 10
499 535 10
499 536 10
499 537 10
499 540 10
499 541 10
499 545 10
499 547 10
499 560 10
499 564 10
499 565 10
499 569 10
499 570 10
499 577 10
500 444 10
500 468 10
500 471 10
500 473 10
500 497 10
500 498 10
500 502 10
500 506 10
500 508 10
500 509 10
500 510 10
500 511 10
500 512 10
500 513 10
500 516 10
500 517 10
500 519 10
500 522 10
500 529 10
500 530 10
500 531 10
500 533 10
500 535 10
500 536 10
500 537 10
500 539 10
500 542 10
500 543 10
500 549 10
500 551 10
500 555 10
500 557 10
500 559 10
500 562 10
500 563 10
500 565 10
500 567 10
500 568 10
500 569 10
500 574 10
500 575 10
501 444 10
501 447 10
501 448 10
501 449 10
501 451 10
501 456 10
501 467 10
501 469 10
501 471 10
501 474 10
501 493 10
501 498 10
501 501 10
501 502 10
501 503 10
501 504 10
501 505 10
501 506 10
501 507 10
501 508 10
501 509 10
501 510 10
501 511 10
501 513 10
501 514 10
501 516 10
501 517 10
501 519 10
501 520 10
501 522 10
501 523 10
501 527 10
501 528 10
501 529 10
501 533 10
501 535 10
501 537 10
501 540 10
501 541 10
501 542 10
501 544 10
501 546 10
501 561 10
501 562 10
501 563 10
501 564 10
501 565 10
502 449 10
502 456 10
502 466 10
502 468 10
502 471 10
502 474 10
502 495 10
502 496 10
502 502 10
502 510 10
502 511 10
502 512 10
502 514 10
502 515 10
502 516 10
502 517 10
502 521 10
502 527 10
502 531 10
502 533 10
502 535 10
502 538 10
502 539 10
502 541 10
502 543 10
502 544 10
502 554 10
502 555 10
502 557 10
502 559 10
502 560 10
502 561 10
502 563 10
502 564 10
502 572 10
502 575 10
503 445 10
503 448 10
503 457 10
503 459 10
503 460 10
503 463 10
503 467 10
503 468 10
503 470 10
503 472 10
503 474 10
503 477 10
503 478 10
503 479 10
503 480 10
503 488 10
503 490 10
503 496 10
503 499 10
503 513 10
503 517 10
503 518 10
503 519 10
503 522 10
503 528 10
503 529 10
503 537 10
503 542 10
503 543 10
503 544 10
503 545 10
503 546 10
503 549 10
503 553 10
503 556 10
503 557 10
503 561 10
503 562 10
503 564 10
503 566 10
503 571 10
503 572 10
503 573 10
503 574 10
503 576 10
504 449 10
504 457 10
504 462 10
504 464 10
504 466 10
504 468 10
504 469 10
504 470 10
504 471 10
504 473 10
504 475 10
504 476 10
504 478 10
504 488 10
504 497 10
504 510 10
504 513 10
504 517 10
504 523 10
504 527 10
504 529 10
504 531 10
504 532 10
504 539 10
504 541 10
504 544 10
504 545 10
504 548 10
504 549 10
504 556 10
504 558 10
504 559 10
504 562 10
504 563 10
504 564 10
504 569 10
504 572 10
505 444 10
505 445 10
505 451 10
505 452 10
505 454 10
505 458 10
505 459 10
505 460 10
505 461 10
505 462 10
505 467 10
505 471 10
505 473 10
505 474 10
505 475 10
505 476 10
505 477 10
505 478 10
505 481 10
505 487 10
505 489 10
505 490 10
505 497 10
505 498 10
505 501 10
505 508 10
505 510 10
505 512 10
505 518 10
505 519 10
505 520 10
505 523 10
505 529 10
505 533 10
505 534 10
505 535 10
505 536 10
505 537 10
505 538 10
505 539 10
505 541 10
505 542 10
505 543 10
505 550 10
505 551 10
505 561 10
505 565 10
505 566 10
505 567 10
505 569 10
505 573 10
506 445 10
506 454 10
506 455 10
506 457 10
506 458 10
506 459 10
506 460 10
506 462 10
506 463 10
506 465 10
506 467 10
506 469 10
506 471 10
506 473 10
506 474 10
506 475 10
506 479 10
506 480 10
506 483 10
506 484 10
506 485 10
506 491 10
506 492 10
506 495 10
506 496 10
506 504 10
506 511 10
506 513 10
506 516 10
506 517 10
506 519 10
506 522 10
506 523 10
506 524 10
506 527 10
506 530 10
506 531 10
506 536 10
506 538 10
506 539 10
506 540 10
506 541 10
506 544 10
506 546 10
506 559 10
506 564 10
506 565 10
506 567 10
506 568 10
506 571 10
506 572 10
506 573 10
507 446 10
507 447 10
507 451 10
507 455 10
507 459 10
507 462 10
507 469 10
507 471 10
507 475 10
507 478 10
507 480 10
507 481 10
507 485 10
507 486 10
507 497 10
507 502 10
507 504 10
507 505 10
507 506 10
507 508 10
507 510 10
507 511 10
507 512 10
507 513 10
507 514 10
507 516 10
507 520 10
507 521 10
507 523 10
507 527 10
507 529 10
507 530 10
507 533 10
507 537 10
507 538 10
507 539 10
507 543 10
507 547 10
507 548 10
507 549 10
507 550 10
507 551 10
507 553 10
507 554 10
507 559 10
507 563 10
507 564 10
507 565 10
507 566 10
507 568 10
507 570 10
508 447 10
508 448 10
508 449 10
508 457 10
508 459 10
508 462 10
508 463 10
508 464 10
508 466 10
508 467 10
508 469 10
508 481 10
508 482 10
508 484 10
508 485 10
508 487 10
508 488 10
508 489 10
508 490 10
508 492 10
508 494 10
508 502 10
508 506 10
508 508 10
508 511 10
508 513 10
508 514 10
508 516 10
508 517 10
508 518 10
508 521 10
508 523 10
508 526 10
508 527 10
508 528 10
508 533 10
508 543 10
508 544 10
508 545 10
508 546 10
508 561 10
508 563 10
508 564 10
508 567 10
508 568 10
509 446 10
509 447 10
509 448 10
509 450 10
509 456 10
509 464 10
509 466 10
509 470 10
509 471 10
509 472 10
509 473 10
509 477 10
509 482 10
509 484 10
509 485 10
509 486 10
509 493 10
509 498 10
509 502 10
509 506 10
509 507 10
509 508 10
509 510 10
509 511 10
509 518 10
509 520 10
509 521 10
509 522 10
509 524 10
509 525 10
509 528 10
509 529 10
509 530 10
509 535 10
509 543 10
509 544 10
509 545 10
509 546 10
509 549 10
509 550 10
509 551 10
509 552 10
509 553 10
509 554 10
509 560 10
509 563 10
509 565 10
509 568 10
509 570 10
510 449 10
510 450 10
510 463 10
510 464 10
510 466 10
510 471 10
510 472 10
510 475 10
510 484 10
510 487 10
510 492 10
510 505 10
510 506 10
510 507 10
510 508 10
510 510 10
510 515 10
510 517 10
510 519 10
510 521 10
510 523 10
510 524 10
510 527 10
510 529 10
510 531 10
510 533 10
510 534 10
510 537 10
510 542 10
510 543 10
510 545 10
510 546 10
510 548 10
510 550 10
510 553 10
510 554 10
510 558 10
510 560 10
510 563 10
510 565 10
510 568 10
510 569 10
510 570 10
511 457 10
511 462 10
511 463 10
511 464 10
511 465 10
511 466 10
511 471 10
511 473 10
511 474 10
511 477 10
511 479 10
511 482 10
511 483 10
511 485 10
511 487 10
511 488 10
511 504 10
511 507 10
511 508 10
511 509 10
511 512 10
511 513 10
511 517 10
511 522 10
511 524 10
511 527 10
511 529 10
511 530 10
511 534 10
511 535 10
511 536 10
511 541 10
511 543 10
511 546 10
511 547 10
511 548 10
511 549 10
511 552 10
511 554 10
511 555 10
511 557 10
511 558 10
511 559 10
511 562 10
511 565 10
511 568 10
511 569 10
511 570 10
512 449 10
512 464 10
512 465 10
512 466 10
512 470 10
512 476 10
512 483 10
512 486 10
512 487 10
512 490 10
512 495 10
512 505 10
512 506 10
512 508 10
512 509 10
512 512 10
512 514 10
512 515 10
512 520 10
512 521 10
512 522 10
512 524 10
512 525 10
512 526 10
512 529 10
512 535 10
512 539 10
512 540 10
512 543 10
512 546 10
512 547 10
512 548 10
512 549 10
512 550 10
512 551 10
512 553 10
512 554 10
512 555 10
512 556 10
512 557 10
512 559 10
512 564 10
512 565 10
512 568 10
512 570 10
512 580 10
513 454 10
513 473 10
513 476 10
513 477 10
513 480 10
513 484 10
513 488 10
513 490 10
513 494 10
513 495 10
513 497 10
513 499 10
513 502 10
513 506 10
513 510 10
513 511 10
513 513 10
513 517 10
513 520 10
513 523 10
513 524 10
513 525 10
513 534 10
513 537 10
513 539 10
513 541 10
513 545 10
513 547 10
513 548 10
513 549 10
513 550 10
513 553 10
513 555 10
513 557 10
513 559 10
513 561 10
513 562 10
513 565 10
513 567 10
513 568 10
513 569 10
513 572 10
513 575 10
513 576 10
513 578 10
513 580 10
514 454 10
514 461 10
514 463 10
514 468 10
514 472 10
514 474 10
514 475 10
514 478 10
514 481 10
514 482 10
514 483 10
514 485 10
514 486 10
514 490 10
514 491 10
514 492 10
514 496 10
514 497 10
514 501 10
514 503 10
514 504 10
514 507 10
514 508 10
514 509 10
514 534 10
514 539 10
514 541 10
514 545 10
514 546 10
514 547 10
514 548 10
514 549 10
514 552 10
514 554 10
514 555 10
514 556 10
514 557 10
514 562 10
514 563 10
514 564 10
514 567 10
514 570 10
514 571 10
515 452 10
515 469 10
515 472 10
515 474 10
515 476 10
515 477 10
515 484 10
515 485 10
515 486 10
515 488 10
515 489 10
515 491 10
515 492 10
515 495 10
515 500 10
515 504 10
515 506 10
515 512 10
515 513 10
515 514 10
515 520 10
515 523 10
515 524 10
515 532 10
515 536 10
515 540 10
515 541 10
515 542 10
515 543 10
515 544 10
515 554 10
515 557 10
515 562 10
515 566 10
515 569 10
515 580 10
516 451 10
516 468 10
516 474 10
516 475 10
516 477 10
516 482 10
516 488 10
516 491 10
516 492 10
516 505 10
516 510 10
516 511 10
516 519 10
516 528 10
516 539 10
516 544 10
516 545 10
516 547 10
516 549 10
516 550 10
516 555 10
516 556 10
516 558 10
516 567 10
516 568 10
516 569 10
516 570 10
516 577 10
517 451 10
517 453 10
517 454 10
517 458 10
517 464 10
517 470 10
517 473 10
517 475 10
517 485 10
517 487 10
517 494 10
517 504 10
517 505 10
517 506 10
517 507 10
517 508 10
517 521 10
517 522 10
517 524 10
517 529 10
517 533 10
517 537 10
517 539 10
517 540 10
517 543 10
517 545 10
517 547 10
517 552 10
517 553 10
517 556 10
517 557 10
517 558 10
517 563 10
517 564 10
517 567 10
517 569 10
517 571 10
517 572 10
517 579 10
518 475 10
518 477 10
518 482 10
518 488 10
518 505 10
518 510 10
518 511 10
518 512 10
518 515 10
518 519 10
518 521 10
518 524 10
518 527 10
518 528 10
518 532 10
518 533 10
518 536 10
518 538 10
518 543 10
518 544 10
518 546 10
518 547 10
518 548 10
518 549 10
518 551 10
518 552 10
518 553 10
518 555 10
518 556 10
518 566 10
518 567 10
518 569 10
518 570 10
518 573 10
518 577 10
518 578 10
519 473 10
519 476 10
519 486 10
519 488 10
519 506 100000
519 520 10
519 525 10
519 526 10
519 527 10
519 528 10
519 529 10
519 535 10
519 538 10
519 540 10
519 544 10
519 545 10
519 546 10
519 548 10
519 549 10
519 552 10
519 553 10
519 554 10
519 557 10
519 568 10
519 572 10
519 573 10
519 576 10
519 578 10
520 478 10
520 482 10
520 486 10
520 501 10
520 504 10
520 506 10
520 508 10
520 515 10
520 522 10
520 523 10
520 531 10
520 534 10
520 535 10
520 536 10
520 539 10
520 540 10
520 542 10
520 544 10
520 553 10
520 554 10
520 557 10
520 570 10
520 571 10
520 576 10
520 578 10
521 454 10
521 471 10
521 479 10
521 480 10
521 486 10
521 489 10
521 490 10
521 502 10
521 505 10
521 507 10
521 510 10
521 516 10
521 517 10
521 522 10
521 525 10
521 526 10
521 529 10
521 534 10
521 537 10
521 538 10
521 542 10
521 543 10
521 545 10
521 554 10
521 568 10
521 573 10
521 574 10
522 471 10
522 479 10
522 484 10
522 488 10
522 489 10
522 503 10
522 505 10
522 515 10
522 516 10
522 519 10
522 521 10
522 522 10
522 523 10
522 524 10
522 525 10
522 526 10
522 528 10
522 529 10
522 530 10
522 531 10
522 538 10
522 543 10
522 557 10
522 564 10
522 565 10
522 567 10
523 453 10
523 474 10
523 477 10
523 481 10
523 482 10
523 488 10
523 490 10
523 502 10
523 513 10
523 515 10
523 522 10
523 523 10
523 525 10
523 527 10
523 530 10
523 531 10
523 538 10
523 540 10
523 542 10
523 543 10
523 546 10
523 548 10
523 557 10
524 453 10
524 470 10
524 471 10
524 472 10
524 475 10
524 476 10
524 477 10
524 478 10
524 482 10
524 484 10
524 486 10
524 487 10
524 489 10
524 494 10
524 512 10
524 515 10
524 516 10
524 518 10
524 519 10
524 520 10
524 522 10
524 523 10
524 524 10
524 525 10
524 526 10
524 527 10
524 528 10
524 529 10
524 531 10
524 533 10
524 536 10
524 537 10
524 538 10
524 539 10
524 541 10
524 544 10
524 549 10
524 556 10
524 564 10
524 565 10
525 466 10
525 474 10
525 475 10
525 478 10
525 479 10
525 481 10
525 482 10
525 483 10
525 486 10
525 488 10
525 489 10
525 490 10
525 493 10
525 500 10
525 503 10
525 512 10
525 517 10
525 519 10
525 520 10
525 521 10
525 522 10
525 523 10
525 524 10
525 528 10
525 529 10
525 530 10
525 531 10
525 532 10
525 563 10
526 464 10
526 470 10
526 471 10
526 475 10
526 476 10
526 477 10
526 478 10
526 480 10
526 481 10
526 483 10
526 485 10
526 486 10
526 487 10
526 489 10
526 490 10
526 514 10
526 516 10
526 517 10
526 518 10
526 520 10
526 521 10
526 522 10
526 523 10
526 524 10
526 525 10
526 526 10
526 528 10
526 529 10
526 531 10
526 532 10
526 534 10
526 543 10
526 556 10
526 560 10
526 573 10
526 578 10
527 469 10
527 471 10
527 477 10
527 480 10
527 481 10
527 482 10
527 484 10
527 487 10
527 489 10
527 490 10
527 491 10
527 493 10
527 495 10
527 513 10
527 514 10
527 516 10
527 517 10
527 519 10
527 521 10
527 523 10
527 524 10
527 525 10
527 532 10
527 535 10
527 536 10
527 537 10
527 538 10
527 539 10
527 544 10
527 560 10
527 574 10
527 575 10
528 472 10
528 480 10
528 482 10
528 483 10
528 487 10
528 488 10
528 489 10
528 491 10
528 515 10
528 516 10
528 517 10
528 518 10
528 520 10
528 523 10
528 525 10
528 526 10
528 527 10
528 528 10
528 530 10
528 532 10
528 533 10
528 535 10
528 540 10
528 559 10
528 568 10
528 570 10
529 473 10
529 475 10
529 476 10
529 484 10
529 487 10
529 490 10
529 491 10
529 515 10
529 516 10
529 517 10
529 518 10
529 519 10
529 522 10
529 523 10
529 524 10
529 526 10
529 527 10
529 530 10
529 534 10
529 537 10
529 538 10
529 551 10
529 565 10
529 574 10
529 575 10
529 577 10
529 579 10
530 473 10
530 477 10
530 483 10
530 484 10
530 487 10
530 489 10
530 490 10
530 493 10
530 513 10
530 514 10
530 516 10
530 517 10
530 519 10
530 520 10
530 526 10
530 527 10
530 545 10
530 551 10
530 552 10
530 558 10
530 571 10
531 468 10
531 469 10
531 472 10
531 474 10
531 475 10
531 476 10
531 482 10
531 483 10
531 484 10
531 487 10
531 488 10
531 491 10
531 492 10
531 511 10
531 512 10
531 516 10
531 517 10
531 520 10
531 524 10
531 525 10
531 526 10
531 527 10
531 531 10
531 533 10
531 549 10
531 556 10
531 558 10
531 565 10
531 571 10
531 574 10
531 575 10
531 576 10
531 577 10
531 579 10
532 470 10
532 474 10
532 485 10
532 487 10
532 491 10
532 510 10
532 513 10
532 515 10
532 523 10
532 528 10
532 538 10
532 550 10
532 551 10
532 554 10
532 565 10
533 476 10
533 483 10
533 484 10
533 486 10
533 487 10
533 488 10
533 489 10
533 490 10
533 509 10
533 511 10
533 516 10
533 518 10
533 520 10
533 524 10
533 528 10
533 529 10
533 530 10
533 531 10
533 536 10
533 537 10
533 548 10
533 551 10
533 553 10
533 556 10
533 558 10
533 560 10
533 562 10
533 563 10
533 564 10
533 565 10
534 474 10
534 483 10
534 484 10
534 485 10
534 486 10
534 487 10
534 488 10
534 491 10
534 508 10
534 509 10
534 510 10
534 516 10
534 518 10
534 524 10
534 526 10
534 527 10
534 533 10
534 541 10
534 542 10
534 544 10
534 553 10
534 554 10
534 555 10
534 561 10
534 562 10
534 563 10
534 571 10
535 482 10
535 484 10
535 485 10
535 486 10
535 487 10
535 488 10
535 490 10
535 491 10
535 492 10
535 507 10
535 512 10
535 519 10
535 520 10
535 521 10
535 526 10
535 527 10
535 528 10
535 530 10
535 531 10
535 535 10
535 537 10
535 538 10
535 553 10
535 564 10
535 567 10
535 571 10
536 472 10
536 482 10
536 483 10
536 484 10
536 485 10
536 487 10
536 488 10
536 489 10
536 508 10
536 514 10
536 516 10
536 519 10
536 520 10
536 523 10
536 525 10
536 526 10
536 528 10
536 529 10
536 533 10
536 538 10
536 542 10
536 555 10
536 562 10
536 564 10
537 486 10
537 489 10
537 502 10
537 510 10
537 514 10
537 515 10
537 517 10
537 520 10
537 521 10
537 522 10
537 524 10
537 525 10
537 532 10
537 539 10
537 541 10
537 555 10
537 558 10
537 562 10
537 563 10
538 483 10
538 486 10
538 487 10
538 489 10
538 490 10
538 492 10
538 516 10
538 517 10
538 518 10
538 520 10
538 525 10
538 526 10
538 530 10
538 531 10
538 532 10
538 538 10
538 545 10
538 547 10
538 553 10
538 555 10
538 556 10
538 560 10
539 478 10
539 483 10
539 484 10
539 485 10
539 487 10
539 499 10
539 503 10
539 508 10
539 516 10
539 518 10
539 519 10
539 528 10
539 530 10
539 532 10
539 534 10
539 536 10
539 539 10
539 541 10
539 543 10
539 544 10
539 548 10
539 549 10
539 550 10
539 554 10
539 558 10
539 560 10
539 561 10
539 564 10
539 567 10
540 474 10
540 476 10
540 481 10
540 483 10
540 485 10
540 486 10
540 488 10
540 490 10
540 491 10
540 492 10
540 493 10
540 498 10
540 499 10
540 504 10
540 505 10
540 515 10
540 516 10
540 517 10
540 518 10
540 525 10
540 537 10
540 539 10
540 541 10
540 546 10
540 550 10
540 553 10
540 558 10
540 561 10
540 565 10
541 480 10
541 481 10
541 484 10
541 486 10
541 491 10
541 493 10
541 494 10
541 505 10
541 513 10
541 515 10
541 518 10
541 519 10
541 520 10
541 521 10
541 526 10
541 531 10
541 533 10
541 536 10
541 537 10
541 538 10
541 543 10
541 544 10
541 549 10
541 552 10
541 567 10
542 480 10
542 481 10
542 483 10
542 486 10
542 487 10
542 488 10
542 491 10
542 494 10
542 495 10
542 502 10
542 505 10
542 507 10
542 508 10
542 511 10
542 518 10
542 519 10
542 522 10
542 526 10
542 527 10
542 528 10
542 531 10
542 532 10
542 535 10
542 536 10
542 541 10
542 543 10
542 547 10
542 551 10
542 561 10
542 562 10
542 564 10
542 566 10
542 567 10
542 568 10
542 570 10
542 572 10
543 472 10
543 474 10
543 477 10
543 478 10
543 480 10
543 485 10
543 486 10
543 487 10
543 490 10
543 493 10
543 494 10
543 496 10
543 497 10
543 498 10
543 500 10
543 503 10
543 512 10
543 513 10
543 517 10
543 518 10
543 520 10
543 521 10
543 523 10
543 524 10
543 526 10
543 527 10
543 529 10
543 530 10
543 531 10
543 532 10
543 535 10
543 537 10
543 538 10
543 540 10
543 543 10
543 547 10
543 548 10
543 554 10
543 555 10
543 561 10
543 562 10
543 563 10
543 569 10
543 570 10
543 574 10
543 575 10
543 576 10
543 578 10
544 477 10
544 478 10
544 480 10
544 482 10
544 488 10
544 489 10
544 490 10
544 491 10
544 494 10
544 497 10
544 499 10
544 517 10
544 518 10
544 519 10
544 520 10
544 522 10
544 524 10
544 529 10
544 532 10
544 535 10
544 536 10
544 546 10
544 547 10
544 551 10
544 552 10
544 553 10
544 556 10
544 557 10
544 559 10
544 562 10
544 563 10
544 566 10
544 567 10
544 568 10
544 570 10
544 572 10
544 573 10
544 577 10
545 477 10
545 480 10
545 482 10
545 489 10
545 493 10
545 494 10
545 496 10
545 497 10
545 499 10
545 501 10
545 506 10
545 509 10
545 512 10
545 515 10
545 516 10
545 517 10
545 518 10
545 520 10
545 521 10
545 522 10
545 526 10
545 527 10
545 528 10
545 530 10
545 531 10
545 537 10
545 538 10
545 539 10
545 542 10
545 544 10
545 545 10
545 548 10
545 552 10
545 554 10
545 555 10
545 557 10
545 558 10
545 559 10
545 561 10
545 562 10
545 569 10
545 573 10
545 575 10
546 477 10
546 479 10
546 482 10
546 486 10
546 487 10
546 488 10
546 489 10
546 490 10
546 491 10
546 493 10
546 494 10
546 497 10
546 498 10
546 500 10
546 507 10
546 508 10
546 509 10
546 517 10
546 518 10
546 519 10
546 520 10
546 522 10
546 523 10
546 525 10
546 534 10
546 538 10
546 539 10
546 543 10
546 544 10
546 545 10
546 546 10
546 550 10
546 551 10
546 555 10
546 557 10
546 558 10
546 559 10
546 562 10
546 563 10
546 564 10
546 569 10
546 574 10
547 462 10
547 466 10
547 479 10
547 480 10
547 489 10
547 490 10
547 491 10
547 495 10
547 496 10
547 497 10
547 499 10
547 500 10
547 502 10
547 503 10
547 506 10
547 513 10
547 514 10
547 516 10
547 518 10
547 519 10
547 520 10
547 521 10
547 522 10
547 524 10
547 525 10
547 526 10
547 528 10
547 530 10
547 534 10
547 537 10
547 542 10
547 544 10
547 545 10
547 548 10
547 552 10
547 553 10
547 554 10
547 556 10
547 557 10
547 559 10
547 560 10
547 561 10
547 566 10
547 573 10
547 574 10
547 575 10
548 462 10
548 477 10
548 478 10
548 481 10
548 488 10
548 490 10
548 491 10
548 492 10
548 493 10
548 495 10
548 496 10
548 497 10
548 506 10
548 511 10
548 513 10
548 514 10
548 518 10
548 519 10
548 520 10
548 521 10
548 522 10
548 525 10
548 526 10
548 527 10
548 529 10
548 536 10
548 538 10
548 539 10
548 542 10
548 545 10
548 546 10
548 549 10
548 552 10
548 554 10
548 556 10
548 559 10
548 560 10
548 561 10
548 563 10
548 578 10
549 462 10
549 471 10
549 479 10
549 486 10
549 488 10
549 489 10
549 490 10
549 491 10
549 492 10
549 493 10
549 494 10
549 496 10
549 497 10
549 499 10
549 501 10
549 502 10
549 503 10
549 510 10
549 511 10
549 512 10
549 515 10
549 516 10
549 518 10
549 519 10
549 521 10
549 522 10
549 523 10
549 527 10
549 529 10
549 530 10
549 532 10
549 534 10
549 545 10
549 546 10
549 550 10
549 555 10
549 556 10
549 558 10
549 559 10
549 560 10
549 571 10
550 462 10
550 463 10
550 466 10
550 470 10
550 471 10
550 481 10
550 482 10
550 485 10
550 486 10
550 489 10
550 493 10
550 494 10
550 496 10
550 497 10
550 498 10
550 501 10
550 508 10
550 510 10
550 512 10
550 513 10
550 515 10
550 519 10
550 524 10
550 525 10
550 526 10
550 527 10
550 528 10
550 531 10
550 532 10
550 537 10
550 544 10
550 554 10
550 557 10
550 565 10
550 575 10
551 459 10
551 484 10
551 485 10
551 489 10
551 493 10
551 497 10
551 505 10
551 508 10
551 509 10
551 511 10
551 512 10
551 514 10
551 516 10
551 518 10
551 522 10
551 524 10
551 526 10
551 527 10
551 528 10
551 529 10
551 530 10
551 531 10
551 533 10
551 534 10
551 535 10
551 536 10
551 539 10
551 555 10
551 557 10
551 561 10
551 562 10
551 563 10
551 565 10
551 566 10
551 571 10
551 572 10
551 577 10
551 578 10
551 579 10
552 481 10
552 484 10
552 486 10
552 489 10
552 491 10
552 494 10
552 496 10
552 497 10
552 499 10
552 508 10
552 510 10
552 514 10
552 517 10
552 525 10
552 526 10
552 529 10
552 535 10
552 536 10
552 537 10
552 541 10
552 545 10
552 546 10
552 548 10
552 553 10
552 554 10
552 555 10
552 558 10
552 560 10
552 564 10
552 578 10
552 579 10
553 459 10
553 462 10
553 482 10
553 483 10
553 484 10
553 495 10
553 500 10
553 501 10
553 502 10
553 507 10
553 508 10
553 511 10
553 514 10
553 515 10
553 523 10
553 524 10
553 525 10
553 527 10
553 532 10
553 533 10
553 535 10
553 536 10
553 546 10
553 547 10
553 552 10
553 555 10
553 557 10
553 559 10
553 563 10
553 564 10
553 569 10
553 570 10
553 571 10
554 456 10
554 464 10
554 465 10
554 470 10
554 472 10
554 481 10
554 486 10
554 489 10
554 490 10
554 491 10
554 493 10
554 495 10
554 497 10
554 501 10
554 509 10
554 512 10
554 514 10
554 515 10
554 516 10
554 522 10
554 525 10
554 530 10
554 533 10
554 534 10
554 536 10
554 537 10
554 547 10
554 549 10
554 551 10
554 552 10
554 557 10
554 558 10
554 560 10
554 562 10
554 565 10
554 566 10
554 568 10
554 573 10
554 576 10
554 578 10
554 580 10
555 455 10
555 457 10
555 458 10
555 463 10
555 464 10
555 465 10
555 469 10
555 470 10
555 484 10
555 499 10
555 501 10
555 502 10
555 509 10
555 511 10
555 512 10
555 513 10
555 514 10
555 515 10
555 522 10
555 524 10
555 528 10
555 529 10
555 531 10
555 532 10
555 534 10
555 535 10
555 545 10
555 549 10
555 552 10
555 553 10
555 554 10
555 555 10
555 556 10
555 558 10
555 559 10
555 575 10
556 456 10
556 457 10
556 460 10
556 461 10
556 463 10
556 464 10
556 472 10
556 477 10
556 481 10
556 482 10
556 484 10
556 488 10
556 490 10
556 492 10
556 493 10
556 495 10
556 496 10
556 498 10
556 500 10
556 501 10
556 505 10
556 507 10
556 508 10
556 510 10
556 512 10
556 513 10
556 514 10
556 522 10
556 523 10
556 526 10
556 527 10
556 533 10
556 544 10
556 545 10
556 548 10
556 550 10
556 551 10
556 554 10
556 556 10
556 559 10
556 562 10
556 571 10
557 454 10
557 455 10
557 456 10
557 457 10
557 458 10
557 459 10
557 465 10
557 470 10
557 472 10
557 473 10
557 483 10
557 485 10
557 489 10
557 491 10
557 495 10
557 496 10
557 498 10
557 501 10
557 502 10
557 503 10
557 504 10
557 505 10
557 506 10
557 509 10
557 512 10
557 513 10
557 514 10
557 515 10
557 516 10
557 517 10
557 520 10
557 521 10
557 523 10
557 524 10
557 525 10
557 527 10
557 528 10
557 529 10
557 530 10
557 546 10
557 547 10
557 551 10
557 552 10
557 554 10
557 560 10
557 562 10
557 563 10
557 564 10
557 565 10
557 566 10
558 456 10
558 458 10
558 459 10
558 471 10
558 478 10
558 480 10
558 485 10
558 489 10
558 493 10
558 496 10
558 499 10
558 501 10
558 503 10
558 505 10
558 507 10
558 511 10
558 514 10
558 515 10
558 516 10
558 517 10
558 519 10
558 521 10
558 522 10
558 524 10
558 528 10
558 530 10
558 531 10
558 532 10
558 534 10
558 536 10
558 549 10
558 553 10
558 554 10
558 562 10
558 563 10
558 566 10
559 454 10
559 455 10
559 456 10
559 457 10
559 459 10
559 462 10
559 464 10
559 467 10
559 470 10
559 480 10
559 481 10
559 489 10
559 505 10
559 508 10
559 510 10
559 511 10
559 515 10
559 516 10
559 517 10
559 518 10
559 519 10
559 520 10
559 521 10
559 522 10
559 530 10
559 533 10
559 534 10
559 547 10
559 548 10
559 551 10
559 553 10
559 554 10
559 558 10
559 559 10
559 564 10
559 565 10
560 454 10
560 456 10
560 457 10
560 461 10
560 463 10
560 464 10
560 465 10
560 471 10
560 477 10
560 500 10
560 502 10
560 504 10
560 511 10
560 514 10
560 515 10
560 517 10
560 519 10
560 523 10
560 527 10
560 528 10
560 531 10
560 532 10
560 533 10
560 535 10
560 545 10
560 552 10
560 561 10
561 453 10
561 454 10
561 459 10
561 460 10
561 466 10
561 469 10
561 481 10
561 483 10
561 496 10
561 501 10
561 502 10
561 503 10
561 505 10
561 507 10
561 508 10
561 509 10
561 510 10
561 511 10
561 512 10
561 513 10
561 514 10
561 518 10
561 520 10
561 522 10
561 523 10
561 524 10
561 525 10
561 527 10
561 528 10
561 530 10
561 533 10
561 535 10
561 543 10
561 550 10
561 556 10
561 559 10
561 561 10
561 571 10
562 455 10
562 456 10
562 462 10
562 467 10
562 479 10
562 480 10
562 483 10
562 497 10
562 502 10
562 503 10
562 507 10
562 508 10
562 509 10
562 511 10
562 512 10
562 514 10
562 516 10
562 518 10
562 525 10
562 527 10
562 528 10
562 529 10
562 530 10
562 533 10
562 535 10
562 546 10
562 569 10
562 571 10
563 459 10
563 463 10
563 490 10
563 506 10
563 508 10
563 509 10
563 525 10
563 526 10
563 527 10
563 528 10
563 529 10
563 531 10
563 533 10
563 543 10
563 546 10
563 559 10
563 569 10
564 486 10
564 505 10
564 506 10
564 510 10
564 511 10
564 512 10
564 513 10
564 518 10
564 526 10
564 527 10
564 528 10
564 529 10
564 531 10
564 534 10
564 544 10
564 559 10
565 456 10
565 466 10
565 473 10
565 475 10
565 476 10
565 491 10
565 492 10
565 502 10
565 527 10
565 528 10
565 529 10
565 532 10
565 540 10
565 541 10
565 542 10
565 545 10
566 473 10
566 481 10
566 483 10
566 485 10
566 486 10
566 487 10
566 490 10
566 492 10
566 500 10
566 501 10
566 507 10
566 511 10
566 513 10
566 522 10
566 540 10
566 545 10
567 455 10
567 489 10
567 491 10
567 492 10
567 501 10
567 508 10
567 509 10
567 523 10
567 530 10
567 543 10
568 472 10
568 477 10
568 478 10
568 482 10
568 484 10
568 489 10
568 490 10
568 507 10
568 508 10
568 511 10
568 512 10
568 524 10
569 467 10
569 470 10
569 473 10
569 477 10
569 488 10
569 490 10
569 493 10
569 495 10
569 508 10
569 509 10
569 523 10
570 470 10
570 473 10
570 479 10
570 481 10
570 487 10
570 488 10
570 492 10
571 467 10
571 469 10
571 470 10
571 473 10
571 479 10
571 487 10
571 492 10
572 467 10
572 470 10
572 471 10
572 474 10
572 477 10
572 479 10
572 480 10
572 481 10
572 486 10
572 493 10
572 494 10
572 529 10
573 470 10
573 471 10
573 473 10
573 474 10
573 475 10
573 477 10
573 479 10
573 485 10
573 489 10
574 467 10
574 468 10
574 469 10
574 470 10
574 473 10
574 480 10
574 489 10
574 529 10
574 530 10
575 471 10
575 475 10
575 478 10
575 490 10
575 493 10
576 467 10
576 468 10
576 469 10
576 472 10
576 473 10
576 474 10
576 475 10
576 480 10
576 490 10
577 476 10
577 477 10
577 481 10
579 467 10
579 479 10
580 477 10
581 478 10
582 473 10
582 474 10
582 478 10
582 479 10
583 476 10
583 477 10
583 478 10
583 479 10
584 470 10
585 468 10
585 472 10
586 469 10
586 472 10
588 500 10
591 486 10
591 488 10
592 483 10
593 484 10
