1024
385 488 10
385 491 10
385 494 10
386 486 10
386 487 10
386 494 10
386 495 10
387 492 10
387 494 10
388 486 10
388 489 10
388 490 10
388 494 10
388 496 10
389 486 10
389 509 10
390 475 10
390 479 10
390 482 10
390 486 10
390 494 10
390 506 10
390 510 10
391 475 10
391 477 10
391 478 10
391 479 10
391 488 10
391 493 10
391 505 10
391 507 10
391 508 10
391 509 10
392 476 10
392 480 10
392 481 10
392 482 10
392 490 10
392 499 10
392 506 10
392 508 10
392 513 10
393 475 10
393 476 10
393 477 10
393 480 10
393 481 10
393 490 10
393 493 10
393 499 10
393 501 10
393 503 10
393 504 10
393 507 10
393 508 10
393 510 10
394 478 10
394 483 10
394 485 10
394 487 10
394 500 10
394 506 10
394 507 10
394 509 10
395 479 10
395 480 10
395 500 10
395 505 10
395 508 10
395 510 10
395 511 10
396 492 10
396 494 10
396 501 10
396 503 10
396 504 10
396 506 10
396 508 10
396 509 10
396 510 10
396 512 10
396 513 10
396 515 10
397 477 10
397 486 10
397 487 10
397 488 10
397 489 10
397 492 10
397 493 10
397 502 10
397 503 10
397 505 10
397 510 10
397 511 10
397 514 10
397 516 10
398 486 10
398 490 10
398 505 10
398 508 10
398 511 10
398 512 10
398 515 10
398 516 10
399 473 10
399 474 10
399 475 10
399 487 10
399 488 10
399 492 10
399 494 10
399 502 10
399 503 10
399 504 10
399 505 10
399 511 10
399 515 10
399 518 10
400 479 10
400 489 10
400 490 10
400 492 10
400 503 10
400 504 10
400 506 10
400 512 10
400 515 10
400 520 10
400 526 10
400 540 10
400 543 10
400 544 10
401 475 10
401 488 10
401 493 10
401 494 10
401 495 10
401 496 10
401 497 10
401 498 10
401 500 10
401 501 10
401 503 10
401 504 10
401 511 10
401 512 10
401 520 10
401 524 10
401 542 10
401 543 10
402 479 10
402 482 10
402 483 10
402 485 10
402 486 10
402 487 10
402 488 10
402 489 10
402 490 10
402 491 10
402 492 10
402 493 10
402 495 10
402 496 10
402 501 10
402 502 10
402 503 10
402 505 10
402 520 10
402 524 10
402 543 10
402 544 10
402 545 10
403 480 10
403 481 10
403 482 10
403 485 10
403 486 10
403 487 10
403 488 10
403 489 10
403 490 10
403 491 10
403 493 10
403 494 10
403 496 10
403 498 10
403 499 10
403 501 10
403 502 10
403 506 10
403 509 10
403 511 10
403 523 10
403 527 10
403 529 10
403 542 10
403 549 10
403 552 10
403 553 10
403 554 10
404 478 10
404 481 10
404 482 10
404 484 10
404 489 10
404 490 10
404 493 10
404 495 10
404 496 10
404 497 10
404 502 10
404 504 10
404 527 10
404 542 10
404 543 10
404 545 10
404 551 10
405 472 10
405 479 10
405 484 10
405 485 10
405 488 10
405 489 10
405 490 10
405 491 10
405 493 10
405 494 10
405 496 10
405 510 10
405 516 10
405 524 10
405 526 10
405 541 10
405 542 10
405 544 10
405 547 10
405 548 10
405 552 10
405 555 10
406 477 10
406 478 10
406 480 10
406 482 10
406 483 10
406 486 10
406 487 10
406 488 10
406 491 10
406 492 10
406 493 10
406 494 10
406 495 10
406 500 10
406 503 10
406 504 10
406 505 10
406 516 10
406 520 10
406 536 10
406 540 10
406 542 10
406 543 10
406 550 10
406 552 10
406 553 10
407 471 10
407 473 10
407 475 10
407 478 10
407 479 10
407 480 10
407 481 10
407 483 10
407 485 10
407 486 10
407 491 10
407 494 10
407 502 10
407 503 10
407 506 10
407 509 10
407 516 10
407 517 10
407 523 10
407 536 10
407 537 10
407 538 10
407 540 10
407 542 10
407 543 10
407 544 10
407 545 10
407 547 10
407 549 10
407 553 10
407 555 10
408 477 10
408 482 10
408 488 10
408 491 10
408 492 10
408 493 10
408 496 10
408 500 10
408 501 10
408 504 10
408 507 10
408 511 10
408 519 10
408 520 10
408 523 10
408 524 10
408 537 10
408 539 10
408 542 10
408 544 10
408 547 10
408 551 10
409 477 10
409 480 10
409 483 10
409 486 10
409 487 10
409 490 10
409 491 10
409 492 10
409 495 10
409 504 10
409 513 10
409 515 10
409 516 10
409 537 10
409 538 10
409 540 10
409 541 10
409 543 10
409 544 10
409 547 10
409 551 10
409 559 10
410 477 10
410 479 10
410 480 10
410 481 10
410 491 10
410 492 10
410 493 10
410 504 10
410 512 10
410 513 10
410 515 10
410 517 10
410 536 10
410 538 10
410 540 10
410 544 10
410 545 10
410 546 10
411 482 10
411 484 10
411 498 10
411 501 10
411 511 10
411 514 10
411 515 10
411 531 10
411 537 10
411 538 10
411 544 10
411 549 10
412 483 10
412 485 10
412 490 10
412 491 10
412 518 10
412 521 10
412 528 10
412 529 10
412 530 10
412 532 10
412 533 10
412 534 10
412 538 10
412 541 10
412 542 10
412 545 10
412 547 10
412 550 10
412 552 10
413 490 10
413 491 10
413 499 10
413 504 10
413 515 10
413 518 10
413 535 10
413 536 10
413 537 10
413 538 10
413 539 10
413 542 10
413 544 10
413 547 10
413 553 10
413 554 10
413 556 10
414 490 10
414 492 10
414 500 10
414 516 10
414 519 10
414 520 10
414 525 10
414 527 10
414 528 10
414 530 10
414 534 10
414 536 10
414 537 10
414 538 10
414 539 10
414 540 10
414 543 10
414 544 10
414 548 10
414 549 10
414 550 10
414 556 10
414 557 10
415 484 10
415 488 10
415 489 10
415 490 10
415 496 10
415 498 10
415 499 10
415 502 10
415 504 10
415 517 10
415 521 10
415 530 10
415 531 10
415 535 10
415 538 10
415 541 10
415 543 10
415 546 10
415 548 10
415 552 10
416 483 10
416 500 10
416 504 10
416 515 10
416 517 10
416 518 10
416 527 10
416 534 10
416 538 10
416 539 10
416 542 10
416 544 10
416 545 10
416 552 10
417 475 10
417 476 10
417 488 10
417 489 10
417 496 10
417 497 10
417 498 10
417 500 10
417 501 10
417 504 10
417 511 10
417 515 10
417 517 10
417 518 10
417 519 10
417 526 10
417 528 10
417 536 10
417 538 10
417 539 10
417 543 10
417 544 10
417 548 10
417 549 10
417 552 10
418 475 10
418 486 10
418 487 10
418 488 10
418 492 10
418 495 10
418 498 10
418 500 10
418 501 10
418 502 10
418 503 10
418 517 10
418 518 10
418 519 10
418 521 10
418 535 10
418 536 10
418 537 10
418 538 10
418 542 10
418 543 10
418 544 10
418 545 10
418 550 10
418 551 10
418 555 10
418 558 10
419 474 10
419 475 10
419 477 10
419 488 10
419 493 10
419 494 10
419 495 10
419 497 10
419 499 10
419 501 10
419 504 10
419 505 10
419 509 10
419 513 10
419 514 10
419 515 10
419 516 10
419 517 10
419 519 10
419 525 10
419 526 10
419 529 10
419 530 10
419 531 10
419 535 10
419 542 10
419 547 10
419 551 10
419 553 10
420 486 10
420 487 10
420 492 10
420 494 10
420 496 10
420 497 10
420 498 10
420 499 10
420 502 10
420 503 10
420 509 10
420 516 10
420 517 10
420 519 10
420 527 10
420 537 10
420 542 10
420 543 10
420 544 10
420 546 10
420 549 10
420 550 10
420 551 10
420 554 10
420 555 10
420 556 10
421 476 10
421 487 10
421 496 10
421 499 10
421 501 10
421 502 10
421 504 10
421 508 10
421 512 10
421 513 10
421 519 10
421 524 10
421 525 10
421 527 10
421 529 10
421 537 10
421 545 10
421 546 10
421 547 10
421 548 10
421 549 10
421 552 10
421 553 10
421 557 10
422 492 10
422 496 10
422 500 10
422 501 10
422 503 10
422 504 10
422 505 10
422 506 10
422 508 10
422 510 10
422 511 10
422 512 10
422 514 10
422 515 10
422 516 10
422 533 10
422 540 10
422 543 10
422 544 10
422 546 10
422 549 10
422 551 10
422 554 10
423 496 10
423 504 10
423 505 10
423 509 10
423 514 10
423 517 10
423 521 10
423 522 10
423 524 10
423 525 10
423 527 10
423 532 10
423 533 10
423 534 10
423 535 10
423 541 10
423 543 10
423 544 10
423 545 10
423 548 10
424 495 10
424 497 10
424 499 10
424 500 10
424 502 10
424 503 10
424 506 10
424 509 10
424 510 10
424 514 10
424 515 10
424 517 10
424 520 10
424 521 10
424 525 10
424 537 10
424 538 10
424 539 10
424 540 10
424 556 10
425 491 10
425 493 10
425 496 10
425 503 10
425 504 10
425 505 10
425 507 10
425 515 10
425 520 10
425 521 10
425 522 10
425 525 10
425 526 10
425 528 10
425 530 10
425 537 10
425 538 10
425 539 10
425 540 10
425 541 10
425 543 10
425 548 10
425 551 10
425 552 10
425 553 10
426 500 10
426 502 10
426 504 10
426 509 10
426 512 10
426 514 10
426 518 10
426 519 10
426 522 10
426 523 10
426 524 10
426 526 10
426 527 10
426 529 10
426 530 10
426 534 10
426 536 10
426 537 10
426 538 10
426 543 10
426 547 10
426 548 10
426 552 10
427 489 10
427 490 10
427 503 10
427 504 10
427 505 10
427 510 10
427 516 10
427 520 10
427 524 10
427 526 10
427 527 10
427 528 10
427 529 10
427 530 10
427 537 10
427 538 10
427 539 10
427 540 10
427 541 10
427 542 10
427 547 10
427 549 10
427 550 10
427 551 10
427 553 10
428 501 10
428 502 10
428 508 10
428 509 10
428 514 10
428 518 10
428 520 10
428 521 10
428 524 10
428 525 10
428 527 10
428 528 10
428 529 10
428 530 10
428 533 10
428 534 10
428 535 10
428 536 10
428 538 10
428 539 10
428 540 10
428 541 10
428 548 10
428 550 10
428 551 10
428 553 10
428 554 10
428 557 10
429 497 10
429 499 10
429 501 10
429 502 10
429 507 10
429 509 10
429 511 10
429 514 10
429 519 10
429 521 10
429 523 10
429 530 10
429 532 10
429 541 10
429 548 10
429 549 10
429 550 10
429 551 10
429 553 10
429 555 10
429 561 10
429 563 10
430 504 10
430 505 10
430 508 10
430 512 10
430 516 10
430 523 10
430 524 10
430 525 10
430 526 10
430 528 10
430 530 10
430 533 10
430 548 10
430 553 10
430 555 10
430 563 10
431 498 10
431 501 10
431 502 10
431 511 10
431 512 10
431 513 10
431 516 10
431 518 10
431 522 10
431 523 10
431 528 10
431 532 10
431 547 10
431 548 10
431 550 10
431 552 10
431 560 10
432 456 10
432 499 10
432 502 10
432 503 10
432 504 10
432 507 10
432 513 10
432 518 10
432 520 10
432 521 10
432 522 10
432 523 10
432 524 10
432 525 10
432 526 10
432 527 10
432 528 10
432 534 10
432 537 10
432 538 10
432 540 10
432 541 10
432 547 10
432 549 10
432 552 10
432 553 10
433 501 10
433 509 10
433 510 10
433 514 10
433 518 10
433 520 10
433 521 10
433 522 10
433 523 10
433 524 10
433 525 10
433 526 10
433 527 10
433 530 10
433 532 10
433 535 10
433 547 10
433 551 10
433 556 10
433 561 10
434 501 10
434 502 10
434 505 10
434 507 10
434 508 10
434 510 10
434 513 10
434 519 10
434 520 10
434 521 10
434 522 10
434 523 10
434 524 10
434 525 10
434 526 10
434 530 10
434 531 10
434 533 10
434 538 10
434 546 10
434 549 10
434 550 10
434 552 10
434 553 10
435 437 10
435 438 10
435 500 10
435 502 10
435 508 10
435 509 10
435 511 10
435 516 10
435 517 10
435 519 10
435 521 10
435 522 10
435 523 10
435 524 10
435 525 10
435 527 10
435 532 10
435 535 10
435 544 10
435 549 10
435 550 10
435 551 10
435 552 10
435 562 10
436 437 10
436 453 10
436 499 10
436 500 10
436 504 10
436 506 10
436 508 10
436 509 10
436 517 10
436 518 10
436 520 10
436 522 10
436 523 10
436 524 10
436 525 10
436 527 10
436 528 10
436 530 10
436 536 10
436 537 10
436 546 10
436 551 10
436 556 10
436 563 10
437 435 10
437 436 10
437 502 10
437 503 10
437 504 10
437 505 10
437 509 10
437 510 10
437 517 10
437 518 10
437 519 10
437 520 10
437 522 10
437 523 10
437 524 10
437 525 10
437 528 10
437 531 10
437 544 10
437 545 10
437 546 10
437 550 10
437 551 10
437 558 10
438 435 10
438 503 10
438 504 10
438 505 10
438 506 10
438 508 10
438 517 10
438 518 10
438 519 10
438 520 10
438 521 10
438 522 10
438 523 10
438 524 10
438 525 10
438 526 10
438 528 10
438 531 10
438 533 10
438 535 10
438 544 10
438 550 10
438 551 10
438 556 10
438 558 10
438 559 10
439 451 10
439 453 10
439 455 10
439 456 10
439 481 10
439 501 10
439 509 10
439 510 10
439 520 10
439 521 10
439 523 10
439 524 10
439 525 10
439 526 10
439 527 10
439 528 10
439 529 10
439 530 10
439 531 10
439 532 10
439 535 10
439 537 10
439 545 10
439 547 10
439 563 10
439 575 10
440 451 10
440 455 10
440 485 10
440 498 10
440 501 10
440 502 10
440 504 10
440 505 10
440 506 10
440 507 10
440 509 10
440 520 10
440 522 10
440 525 10
440 526 10
440 531 10
440 532 10
440 533 10
440 535 10
440 538 10
440 545 10
440 547 10
440 548 10
440 550 10
440 551 10
440 553 10
440 554 10
440 557 10
440 558 10
440 559 10
440 565 10
440 575 10
440 576 10
440 577 10
440 578 10
440 583 10
441 450 10
441 452 10
441 453 10
441 455 10
441 457 10
441 481 10
441 483 10
441 484 10
441 501 10
441 504 10
441 506 10
441 508 10
441 509 10
441 510 10
441 511 10
441 521 10
441 522 10
441 524 10
441 526 10
441 528 10
441 529 10
441 531 10
441 535 10
441 537 10
441 539 10
441 552 10
441 562 10
441 573 10
441 577 10
441 580 10
441 582 10
442 436 10
442 450 10
442 481 10
442 483 10
442 493 10
442 497 10
442 498 10
442 499 10
442 501 10
442 503 10
442 504 10
442 505 10
442 506 10
442 509 10
442 513 10
442 516 10
442 525 10
442 529 10
442 532 10
442 533 10
442 535 10
442 551 10
442 555 10
442 556 10
442 566 10
442 570 10
442 574 10
442 575 10
442 576 10
442 577 10
442 582 10
443 448 10
443 451 10
443 452 10
443 455 10
443 483 10
443 492 10
443 499 10
443 500 10
443 514 10
443 515 10
443 516 10
443 523 10
443 524 10
443 525 10
443 526 10
443 528 10
443 529 10
443 538 10
443 552 10
443 560 10
443 561 10
443 566 10
443 568 10
443 570 10
443 575 10
443 576 10
443 577 10
443 579 10
444 449 10
444 452 10
444 494 10
444 496 10
444 497 10
444 498 10
444 499 10
444 500 10
444 503 10
444 510 10
444 511 10
444 516 10
444 517 10
444 521 10
444 524 10
444 527 10
444 535 10
444 536 10
444 543 10
444 553 10
444 554 10
444 556 10
444 560 10
444 564 10
444 567 10
444 569 10
444 573 10
444 574 10
444 577 10
444 578 10
444 579 10
444 580 10
444 581 10
445 493 10
445 495 10
445 496 10
445 499 10
445 502 10
445 503 10
445 505 10
445 510 10
445 512 10
445 515 10
445 516 10
445 525 10
445 526 10
445 538 10
445 539 10
445 540 10
445 543 10
445 553 10
445 556 10
445 559 10
445 561 10
445 562 10
445 565 10
445 567 10
445 574 10
445 577 10
445 578 10
445 581 10
446 490 10
446 494 10
446 497 10
446 501 10
446 502 10
446 504 10
446 514 10
446 536 10
446 545 10
446 546 10
446 547 10
446 558 10
446 560 10
446 562 10
446 564 10
446 565 10
446 568 10
446 569 10
446 570 10
446 571 10
446 575 10
446 576 10
446 577 10
446 581 10
446 582 10
447 467 10
447 497 10
447 511 10
447 512 10
447 514 10
447 516 10
447 519 10
447 523 10
447 524 10
447 526 10
447 529 10
447 530 10
447 541 10
447 542 10
447 545 10
447 546 10
447 548 10
447 562 10
447 566 10
447 567 10
447 569 10
447 570 10
447 571 10
447 578 10
447 579 10
448 447 10
448 469 10
448 470 10
448 471 10
448 492 10
448 501 10
448 502 10
448 503 10
448 514 10
448 518 10
448 522 10
448 523 10
448 524 10
448 525 10
448 530 10
448 543 10
448 551 10
448 555 10
448 558 10
448 564 10
448 568 10
448 569 10
448 571 10
448 577 10
449 445 10
449 470 10
449 476 10
449 505 10
449 517 10
449 519 10
449 524 10
449 525 10
449 528 10
449 531 10
449 533 10
449 540 10
449 541 10
449 542 10
449 549 10
449 553 10
449 554 10
449 558 10
449 561 10
449 568 10
449 569 10
449 570 10
449 572 10
449 573 10
450 446 10
450 447 10
450 448 10
450 469 10
450 472 10
450 475 10
450 477 10
450 480 10
450 492 10
450 500 10
450 503 10
450 516 10
450 517 10
450 520 10
450 523 10
450 525 10
450 526 10
450 530 10
450 533 10
450 534 10
450 536 10
450 537 10
450 539 10
450 546 10
450 548 10
450 552 10
450 557 10
450 559 10
450 560 10
450 562 10
450 568 10
450 569 10
450 571 10
450 574 10
450 576 10
451 449 10
451 450 10
451 467 10
451 472 10
451 492 10
451 501 10
451 502 10
451 503 10
451 509 10
451 518 10
451 519 10
451 523 10
451 524 10
451 526 10
451 530 10
451 534 10
451 535 10
451 538 10
451 540 10
451 543 10
451 547 10
451 550 10
451 551 10
451 552 10
451 553 10
451 555 10
451 560 10
451 567 10
451 568 10
451 569 10
451 573 10
451 575 10
451 579 10
451 583 10
452 469 10
452 470 10
452 474 10
452 475 10
452 477 10
452 478 10
452 480 10
452 492 10
452 494 10
452 499 10
452 503 10
452 505 10
452 506 10
452 509 10
452 516 10
452 517 10
452 518 10
452 520 10
452 521 10
452 522 10
452 525 10
452 527 10
452 532 10
452 536 10
452 550 10
452 551 10
452 552 10
452 554 10
452 557 10
452 562 10
452 565 10
452 566 10
452 567 10
452 569 10
452 571 10
452 572 10
452 573 10
452 574 10
452 575 10
452 578 10
452 579 10
452 580 10
452 583 10
453 470 10
453 474 10
453 476 10
453 479 10
453 483 10
453 496 10
453 500 10
453 503 10
453 505 10
453 509 10
453 512 10
453 514 10
453 516 10
453 520 10
453 521 10
453 524 10
453 525 10
453 528 10
453 530 10
453 531 10
453 534 10
453 542 10
453 547 10
453 548 10
453 556 10
453 567 10
453 569 10
453 570 10
453 574 10
453 575 10
453 576 10
453 577 10
453 578 10
453 581 10
453 582 10
453 583 10
453 586 10
454 465 10
454 476 10
454 479 10
454 481 10
454 485 10
454 491 10
454 501 10
454 502 10
454 503 10
454 504 10
454 506 10
454 510 10
454 511 10
454 513 10
454 518 10
454 520 10
454 521 10
454 524 10
454 526 10
454 528 10
454 529 10
454 532 10
454 535 10
454 545 10
454 550 10
454 552 10
454 554 10
454 555 10
454 557 10
454 564 10
454 570 10
454 572 10
454 576 10
454 577 10
454 581 10
454 582 10
455 465 10
455 474 10
455 476 10
455 481 10
455 484 10
455 491 10
455 502 10
455 503 10
455 504 10
455 509 10
455 510 10
455 512 10
455 515 10
455 517 10
455 519 10
455 520 10
455 521 10
455 523 10
455 527 10
455 529 10
455 530 10
455 531 10
455 532 10
455 533 10
455 534 10
455 551 10
455 555 10
455 565 10
455 566 10
455 569 10
455 570 10
455 574 10
455 575 10
455 576 10
455 577 10
455 578 10
455 579 10
455 580 10
456 454 10
456 461 10
456 463 10
456 467 10
456 468 10
456 469 10
456 473 10
456 475 10
456 477 10
456 479 10
456 482 10
456 484 10
456 485 10
456 487 10
456 489 10
456 490 10
456 495 10
456 500 10
456 503 10
456 504 10
456 507 10
456 512 10
456 514 10
456 517 10
456 520 10
456 522 10
456 523 10
456 525 10
456 526 10
456 527 10
456 530 10
456 532 10
456 533 10
456 535 10
456 536 10
456 540 10
456 542 10
456 544 10
456 557 10
456 558 10
456 565 10
456 566 10
456 571 10
456 573 10
456 574 10
456 575 10
456 576 10
456 579 10
456 582 10
457 453 10
457 454 10
457 455 10
457 456 10
457 471 10
457 474 10
457 476 10
457 477 10
457 481 10
457 482 10
457 483 10
457 487 10
457 489 10
457 496 10
457 498 10
457 510 10
457 513 10
457 514 10
457 519 10
457 520 10
457 521 10
457 522 10
457 525 10
457 530 10
457 532 10
457 534 10
457 543 10
457 554 10
457 557 10
457 565 10
457 567 10
457 569 10
457 570 10
457 573 10
457 578 10
457 581 10
458 453 10
458 457 10
458 463 10
458 467 10
458 472 10
458 473 10
458 474 10
458 477 10
458 479 10
458 483 10
458 485 10
458 489 10
458 491 10
458 496 10
458 498 10
458 500 10
458 501 10
458 502 10
458 510 10
458 511 10
458 512 10
458 522 10
458 523 10
458 535 10
458 539 10
458 544 10
458 553 10
458 555 10
458 556 10
458 565 10
458 569 10
458 570 10
458 583 10
459 455 10
459 456 10
459 463 10
459 464 10
459 469 10
459 476 10
459 477 10
459 482 10
459 483 10
459 485 10
459 489 10
459 490 10
459 496 10
459 497 10
459 500 10
459 501 10
459 503 10
459 504 10
459 505 10
459 509 10
459 516 10
459 520 10
459 523 10
459 524 10
459 527 10
459 528 10
459 529 10
459 530 10
459 531 10
459 533 10
459 534 10
459 535 10
459 536 10
459 540 10
459 541 10
459 543 10
459 544 10
459 545 10
459 546 10
459 555 10
459 558 10
459 562 10
459 564 10
459 568 10
459 570 10
460 450 10
460 454 10
460 461 10
460 462 10
460 463 10
460 464 10
460 465 10
460 466 10
460 468 10
460 470 10
460 473 10
460 475 10
460 480 10
460 482 10
460 483 10
460 486 10
460 494 10
460 496 10
460 497 10
460 500 10
460 501 10
460 502 10
460 520 10
460 521 10
460 522 10
460 523 10
460 525 10
460 526 10
460 528 10
460 530 10
460 531 10
460 532 10
460 566 10
460 567 10
460 570 10
460 582 10
461 430 10
461 440 10
461 448 10
461 452 10
461 458 10
461 462 10
461 463 10
461 464 10
461 470 10
461 472 10
461 473 10
461 475 10
461 477 10
461 479 10
461 480 10
461 482 10
461 483 10
461 486 10
461 487 10
461 488 10
461 489 10
461 493 10
461 494 10
461 497 10
461 498 10
461 499 10
461 502 10
461 503 10
461 504 10
461 505 10
461 506 10
461 518 10
461 521 10
461 523 10
461 524 10
461 529 10
461 531 10
461 533 10
461 534 10
461 535 10
461 543 10
461 546 10
461 554 10
461 569 10
461 570 10
461 571 10
462 449 10
462 450 10
462 458 10
462 459 10
462 462 10
462 464 10
462 465 10
462 466 10
462 467 10
462 471 10
462 472 10
462 473 10
462 479 10
462 482 10
462 483 10
462 484 10
462 487 10
462 494 10
462 497 10
462 500 10
462 501 10
462 503 10
462 507 10
462 509 10
462 516 10
462 518 10
462 519 10
462 521 10
462 522 10
462 526 10
462 527 10
462 528 10
462 543 10
462 554 10
463 431 10
463 442 10
463 453 10
463 455 10
463 459 10
463 461 10
463 462 10
463 464 10
463 466 10
463 469 10
463 470 10
463 471 10
463 476 10
463 477 10
463 479 10
463 480 10
463 492 10
463 494 10
463 497 10
463 503 10
463 505 10
463 507 10
463 509 10
463 520 10
463 521 10
463 522 10
463 526 10
463 528 10
463 529 10
463 539 10
463 552 10
463 571 10
464 432 10
464 453 10
464 462 10
464 464 10
464 465 10
464 466 10
464 467 10
464 468 10
464 469 10
464 471 10
464 472 10
464 474 10
464 479 10
464 481 10
464 482 10
464 484 10
464 486 10
464 487 10
464 489 10
464 491 10
464 494 10
464 498 10
464 499 10
464 500 10
464 504 10
464 505 10
464 507 10
464 511 10
464 512 10
464 513 10
464 516 10
464 517 10
464 523 10
464 526 10
464 529 10
464 533 10
464 538 10
464 540 10
464 542 10
464 547 10
464 551 10
464 555 10
465 429 10
465 463 10
465 464 10
465 465 10
465 469 10
465 471 10
465 472 10
465 474 10
465 479 10
465 481 10
465 483 10
465 489 10
465 493 10
465 494 10
465 495 10
465 497 10
465 498 10
465 499 10
465 500 10
465 502 10
465 509 10
465 510 10
465 519 10
465 524 10
465 526 10
465 527 10
465 530 10
465 531 10
465 539 10
465 551 10
465 552 10
465 553 10
465 554 10
465 555 10
466 433 10
466 451 10
466 462 10
466 463 10
466 468 10
466 470 10
466 472 10
466 473 10
466 478 10
466 479 10
466 480 10
466 481 10
466 484 10
466 493 10
466 495 10
466 496 10
466 497 10
466 499 10
466 500 10
466 505 10
466 506 10
466 511 10
466 513 10
466 516 10
466 547 10
466 551 10
466 556 10
467 454 10
467 461 10
467 464 10
467 465 10
467 468 10
467 471 10
467 473 10
467 477 10
467 478 10
467 479 10
467 481 10
467 482 10
467 488 10
467 491 10
467 493 10
467 495 10
467 496 10
467 497 10
467 499 10
467 502 10
467 507 10
467 509 10
467 510 10
467 511 10
467 517 10
467 523 10
467 538 10
467 539 10
467 548 10
467 553 10
468 432 10
468 433 10
468 454 10
468 455 10
468 456 10
468 459 10
468 461 10
468 462 10
468 473 10
468 474 10
468 475 10
468 476 10
468 477 10
468 479 10
468 480 10
468 482 10
468 492 10
468 493 10
468 494 10
468 495 10
468 496 10
468 499 10
468 509 10
468 513 10
468 519 10
468 522 10
468 525 10
468 529 10
468 533 10
468 537 10
468 547 10
468 553 10
469 430 10
469 431 10
469 433 10
469 434 10
469 463 10
469 464 10
469 467 10
469 468 10
469 469 10
469 470 10
469 471 10
469 472 10
469 474 10
469 475 10
469 477 10
469 480 10
469 482 10
469 491 10
469 494 10
469 495 10
469 497 10
469 498 10
469 500 10
469 503 10
469 504 10
469 505 10
469 506 10
469 520 10
469 523 10
469 525 10
469 532 10
469 549 10
469 552 10
469 555 10
469 557 10
469 560 10
469 561 10
470 430 10
470 448 10
470 461 10
470 463 10
470 464 10
470 466 10
470 468 10
470 470 10
470 473 10
470 478 10
470 480 10
470 487 10
470 490 10
470 495 10
470 496 10
470 497 10
470 499 10
470 500 10
470 501 10
470 504 10
470 506 10
470 508 10
470 510 10
470 511 10
470 522 10
470 531 10
470 532 10
470 536 10
470 537 10
470 540 10
470 544 10
470 546 10
470 552 10
470 557 10
471 432 10
471 445 10
471 447 10
471 464 10
471 468 10
471 473 10
471 474 10
471 480 10
471 490 10
471 493 10
471 496 10
471 499 10
471 502 10
471 505 10
471 507 10
471 511 10
471 513 10
471 524 10
471 535 10
471 536 10
471 538 10
471 539 10
471 540 10
471 544 10
471 545 10
471 550 10
471 552 10
471 554 10
471 556 10
472 426 10
472 427 10
472 428 10
472 430 10
472 449 10
472 450 10
472 463 10
472 464 10
472 469 10
472 470 10
472 471 10
472 473 10
472 474 10
472 494 10
472 495 10
472 496 10
472 498 10
472 503 10
472 505 10
472 507 10
472 525 10
472 527 10
472 535 10
472 536 10
472 537 10
472 538 10
472 541 10
472 544 10
473 430 10
473 431 10
473 432 10
473 444 10
473 445 10
473 449 10
473 452 10
473 466 10
473 470 10
473 471 10
473 472 10
473 474 10
473 491 10
473 493 10
473 494 10
473 495 10
473 498 10
473 500 10
473 501 10
473 502 10
473 507 10
473 514 10
473 522 10
473 527 10
473 531 10
473 533 10
473 535 10
473 536 10
473 537 10
473 539 10
473 540 10
473 541 10
473 542 10
473 543 10
473 546 10
473 554 10
473 557 10
474 430 10
474 431 10
474 432 10
474 445 10
474 446 10
474 447 10
474 463 10
474 466 10
474 468 10
474 469 10
474 470 10
474 473 10
474 488 10
474 489 10
474 492 10
474 493 10
474 495 10
474 497 10
474 500 10
474 504 10
474 505 10
474 515 10
474 527 10
474 528 10
474 531 10
474 535 10
474 537 10
474 541 10
474 543 10
474 546 10
474 554 10
475 429 10
475 430 10
475 442 10
475 447 10
475 448 10
475 455 10
475 456 10
475 457 10
475 467 10
475 469 10
475 487 10
475 488 10
475 503 10
475 507 10
475 509 10
475 511 10
475 513 10
475 516 10
475 518 10
475 528 10
475 533 10
475 534 10
475 535 10
475 538 10
475 539 10
475 540 10
475 542 10
475 544 10
475 545 10
475 554 10
476 426 10
476 431 10
476 432 10
476 440 10
476 443 10
476 446 10
476 447 10
476 468 10
476 469 10
476 473 10
476 474 10
476 483 10
476 485 10
476 488 10
476 495 10
476 496 10
476 499 10
476 500 10
476 501 10
476 503 10
476 504 10
476 508 10
476 509 10
476 512 10
476 513 10
476 521 10
476 525 10
476 529 10
476 537 10
476 538 10
476 542 10
476 543 10
476 557 10
476 569 10
477 431 10
477 443 10
477 444 10
477 445 10
477 446 10
477 447 10
477 448 10
477 457 10
477 468 10
477 469 10
477 475 10
477 477 10
477 479 10
477 483 10
477 487 10
477 488 10
477 493 10
477 495 10
477 499 10
477 501 10
477 503 10
477 508 10
477 510 10
477 511 10
477 512 10
477 513 10
477 514 10
477 519 10
477 521 10
477 526 10
477 533 10
477 534 10
477 538 10
477 539 10
477 541 10
477 543 10
477 545 10
477 569 10
477 570 10
478 444 10
478 445 10
478 453 10
478 457 10
478 465 10
478 472 10
478 473 10
478 485 10
478 489 10
478 497 10
478 498 10
478 499 10
478 504 10
478 507 10
478 508 10
478 510 10
478 511 10
478 512 10
478 515 10
478 517 10
478 520 10
478 521 10
478 523 10
478 526 10
478 530 10
478 532 10
478 534 10
478 535 10
478 537 10
478 538 10
478 539 10
478 541 10
478 543 10
478 544 10
478 545 10
478 546 10
478 547 10
478 568 10
478 569 10
478 570 10
479 450 10
479 451 10
479 467 10
479 469 10
479 474 10
479 476 10
479 481 10
479 485 10
479 486 10
479 491 10
479 493 10
479 495 10
479 497 10
479 498 10
479 501 10
479 511 10
479 517 10
479 518 10
479 519 10
479 529 10
479 533 10
479 536 10
479 537 10
479 539 10
479 540 10
479 541 10
479 542 10
479 543 10
479 545 10
479 546 10
480 451 10
480 471 10
480 473 10
480 474 10
480 482 10
480 495 10
480 497 10
480 502 10
480 504 10
480 508 10
480 509 10
480 511 10
480 512 10
480 514 10
480 515 10
480 520 10
480 522 10
480 524 10
480 525 10
480 528 10
480 529 10
480 532 10
480 535 10
480 538 10
480 540 10
480 542 10
480 545 10
480 547 10
480 571 10
481 435 10
481 441 10
481 442 10
481 471 10
481 473 10
481 474 10
481 488 10
481 499 10
481 515 10
481 518 10
481 522 10
481 524 10
481 525 10
481 526 10
481 527 10
481 529 10
481 530 10
481 531 10
481 532 10
481 533 10
481 537 10
481 538 10
481 539 10
481 540 10
481 541 10
481 542 10
481 543 10
481 544 10
481 545 10
481 569 10
481 571 10
481 574 10
482 433 10
482 440 10
482 441 10
482 442 10
482 445 10
482 472 10
482 481 10
482 487 10
482 489 10
482 495 10
482 497 10
482 499 10
482 503 10
482 504 10
482 505 10
482 508 10
482 511 10
482 517 10
482 522 10
482 524 10
482 527 10
482 528 10
482 531 10
482 535 10
482 536 10
482 538 10
482 539 10
482 540 10
482 546 10
482 569 10
482 571 10
483 442 10
483 444 10
483 493 10
483 494 10
483 515 10
483 516 10
483 520 10
483 522 10
483 523 10
483 525 10
483 526 10
483 527 10
483 529 10
483 531 10
483 532 10
483 533 10
483 535 10
483 539 10
483 542 10
483 544 10
483 546 10
483 571 10
484 437 10
484 440 10
484 473 10
484 476 10
484 478 10
484 486 10
484 487 10
484 488 10
484 491 10
484 492 10
484 514 10
484 515 10
484 518 10
484 520 10
484 522 10
484 525 10
484 531 10
484 541 10
484 547 10
484 548 10
484 572 10
484 573 10
485 449 10
485 463 10
485 473 10
485 475 10
485 482 10
485 485 10
485 486 10
485 487 10
485 488 10
485 489 10
485 490 10
485 492 10
485 493 10
485 516 10
485 517 10
485 518 10
485 522 10
485 526 10
485 528 10
485 534 10
485 535 10
485 536 10
485 539 10
485 544 10
485 545 10
485 546 10
485 547 10
485 549 10
485 552 10
485 564 10
485 568 10
485 570 10
486 438 10
486 441 10
486 447 10
486 449 10
486 453 10
486 455 10
486 475 10
486 479 10
486 480 10
486 483 10
486 490 10
486 491 10
486 509 10
486 513 10
486 515 10
486 517 10
486 518 10
486 519 10
486 520 10
486 522 10
486 523 10
486 526 10
486 529 10
486 533 10
486 536 10
486 538 10
486 539 10
486 542 10
486 544 10
486 554 10
486 555 10
486 563 10
486 568 10
486 581 10
487 440 10
487 442 10
487 448 10
487 451 10
487 452 10
487 455 10
487 456 10
487 480 10
487 483 10
487 484 10
487 486 10
487 488 10
487 489 10
487 492 10
487 510 10
487 514 10
487 515 10
487 516 10
487 517 10
487 518 10
487 526 10
487 528 10
487 529 10
487 534 10
487 536 10
487 537 10
487 540 10
487 541 10
487 543 10
487 544 10
487 546 10
487 566 10
487 567 10
487 585 10
488 436 10
488 440 10
488 444 10
488 446 10
488 450 10
488 451 10
488 453 10
488 455 10
488 461 10
488 463 10
488 467 10
488 481 10
488 482 10
488 483 10
488 486 10
488 487 10
488 488 10
488 489 10
488 490 10
488 492 10
488 506 10
488 508 10
488 512 10
488 514 10
488 516 10
488 518 10
488 520 10
488 521 10
488 522 10
488 528 10
488 534 10
488 535 10
488 537 10
488 538 10
488 539 10
488 541 10
488 543 10
488 545 10
488 546 10
488 547 10
488 562 10
488 567 10
488 578 10
488 580 10
488 581 10
488 583 10
489 440 10
489 444 10
489 445 10
489 447 10
489 453 10
489 454 10
489 463 10
489 465 10
489 480 10
489 482 10
489 483 10
489 484 10
489 485 10
489 486 10
489 487 10
489 489 10
489 490 10
489 491 10
489 507 10
489 508 10
489 511 10
489 512 10
489 513 10
489 514 10
489 515 10
489 517 10
489 518 10
489 519 10
489 522 10
489 524 10
489 528 10
489 533 10
489 539 10
489 541 10
489 544 10
489 546 10
489 549 10
489 551 10
489 552 10
489 558 10
489 561 10
489 564 10
489 565 10
489 567 10
489 577 10
489 582 10
489 583 10
490 449 10
490 452 10
490 467 10
490 471 10
490 483 10
490 485 10
490 486 10
490 494 10
490 506 10
490 508 10
490 510 10
490 512 10
490 522 10
490 523 10
490 525 10
490 526 10
490 527 10
490 530 10
490 531 10
490 538 10
490 541 10
490 542 10
490 543 10
490 544 10
490 545 10
490 546 10
490 559 10
490 568 10
490 570 10
490 582 10
490 583 10
491 452 10
491 454 10
491 455 10
491 457 10
491 459 10
491 463 10
491 468 10
491 471 10
491 478 10
491 479 10
491 482 10
491 483 10
491 486 10
491 488 10
491 489 10
491 490 10
491 491 10
491 492 10
491 502 10
491 506 10
491 508 10
491 509 10
491 512 10
491 516 10
491 518 10
491 521 10
491 528 10
491 531 10
491 533 10
491 534 10
491 543 10
491 548 10
491 558 10
491 560 10
491 565 10
491 568 10
491 571 10
491 574 10
491 581 10
491 584 10
492 442 10
492 452 10
492 454 10
492 455 10
492 457 10
492 458 10
492 461 10
492 468 10
492 473 10
492 479 10
492 481 10
492 483 10
492 485 10
492 486 10
492 504 10
492 505 10
492 508 10
492 512 10
492 514 10
492 515 10
492 517 10
492 521 10
492 526 10
492 531 10
492 538 10
492 539 10
492 541 10
492 544 10
492 548 10
492 558 10
492 560 10
492 561 10
492 563 10
492 564 10
492 567 10
492 568 10
492 578 10
492 580 10
492 590 10
493 451 10
493 454 10
493 460 10
493 466 10
493 467 10
493 468 10
493 472 10
493 473 10
493 474 10
493 475 10
493 478 10
493 481 10
493 505 10
493 506 10
493 507 10
493 508 10
493 509 10
493 510 10
493 511 10
493 512 10
493 513 10
493 515 10
493 516 10
493 517 10
493 518 10
493 523 10
493 526 10
493 534 10
493 538 10
493 539 10
493 540 10
493 542 10
493 564 10
493 575 10
493 578 10
493 582 10
493 583 10
493 584 10
493 586 10
493 589 10
493 595 10
493 596 10
493 598 10
494 449 10
494 452 10
494 453 10
494 454 10
494 456 10
494 463 10
494 465 10
494 480 10
494 482 10
494 483 10
494 486 10
494 487 10
494 488 10
494 489 10
494 498 10
494 500 10
494 504 10
494 505 10
494 507 10
494 509 10
494 510 10
494 511 10
494 512 10
494 513 10
494 516 10
494 518 10
494 538 10
494 540 10
494 541 10
494 543 10
494 555 10
494 568 10
494 572 10
494 578 10
494 581 10
494 582 10
494 584 10
494 588 10
494 600 10
494 601 10
494 602 10
495 451 10
495 453 10
495 458 10
495 465 10
495 476 10
495 478 10
495 484 10
495 489 10
495 500 10
495 504 10
495 505 10
495 508 10
495 513 10
495 514 10
495 515 10
495 526 10
495 535 10
495 541 10
495 542 10
495 559 10
495 572 10
495 578 10
495 581 10
495 582 10
495 583 10
495 587 10
495 588 10
495 599 10
496 442 10
496 448 10
496 455 10
496 458 10
496 461 10
496 463 10
496 465 10
496 471 10
496 481 10
496 485 10
496 486 10
496 488 10
496 497 10
496 499 10
496 504 10
496 507 10
496 509 10
496 510 10
496 511 10
496 512 10
496 514 10
496 517 10
496 518 10
496 539 10
496 540 10
496 542 10
496 543 10
496 558 10
496 579 10
496 583 10
496 585 10
496 587 10
496 592 10
496 595 10
496 596 10
496 597 10
496 603 10
497 442 10
497 445 10
497 452 10
497 453 10
497 454 10
497 455 10
497 458 10
497 460 10
497 462 10
497 473 10
497 479 10
497 484 10
497 488 10
497 495 10
497 496 10
497 498 10
497 502 10
497 503 10
497 505 10
497 508 10
497 509 10
497 511 10
497 512 10
497 513 10
497 514 10
497 516 10
497 538 10
497 539 10
497 570 10
497 572 10
497 573 10
497 574 10
497 579 10
497 580 10
497 581 10
497 596 10
497 608 10
498 442 10
498 445 10
498 447 10
498 460 10
498 462 10
498 468 10
498 470 10
498 472 10
498 475 10
498 477 10
498 488 10
498 490 10
498 492 10
498 500 10
498 502 10
498 503 10
498 507 10
498 508 10
498 512 10
498 517 10
498 528 10
498 530 10
498 542 10
498 565 10
498 570 10
498 574 10
498 576 10
498 583 10
498 587 10
498 599 10
498 608 10
499 443 10
499 445 10
499 452 10
499 453 10
499 457 10
499 463 10
499 472 10
499 473 10
499 474 10
499 475 10
499 478 10
499 481 10
499 486 10
499 492 10
499 493 10
499 498 10
499 499 10
499 500 10
499 502 10
499 503 10
499 504 10
499 506 10
499 508 10
499 509 10
499 511 10
499 512 10
499 514 10
499 516 10
499 517 10
499 533 10
499 538 10
499 541 10
499 543 10
499 553 10
499 556 10
499 594 10
499 602 10
499 603 10
500 454 10
500 460 10
500 461 10
500 469 10
500 471 10
500 472 10
500 473 10
500 477 10
500 479 10
500 488 10
500 495 10
500 496 10
500 501 10
500 502 10
500 504 10
500 506 10
500 507 10
500 508 10
500 510 10
500 512 10
500 514 10
500 515 10
500 516 10
500 526 10
500 529 10
500 530 10
500 532 10
500 533 10
500 536 10
500 542 10
500 550 10
500 552 10
500 553 10
500 554 10
500 558 10
500 561 10
500 566 10
500 568 10
500 569 10
500 570 10
500 571 10
500 573 10
501 451 10
501 461 10
501 465 10
501 469 10
501 484 10
501 491 10
501 494 10
501 496 10
501 497 10
501 498 10
501 499 10
501 500 10
501 502 10
501 503 10
501 504 10
501 505 10
501 506 10
501 507 10
501 508 10
501 509 10
501 511 10
501 512 10
501 514 10
501 526 10
501 527 10
501 528 10
501 534 10
501 536 10
501 542 10
501 550 10
501 552 10
501 556 10
501 564 10
501 565 10
501 566 10
501 568 10
501 570 10
501 573 10
501 602 10
502 453 10
502 459 10
502 463 10
502 466 10
502 467 10
502 468 10
502 469 10
502 470 10
502 471 10
502 472 10
502 480 10
502 484 10
502 485 10
502 486 10
502 488 10
502 489 10
502 493 10
502 496 10
502 497 10
502 499 10
502 500 10
502 501 10
502 502 10
502 503 10
502 504 10
502 505 10
502 506 10
502 507 10
502 508 10
502 509 10
502 513 10
502 514 10
502 527 10
502 530 10
502 532 10
502 533 10
502 536 10
502 547 10
502 549 10
502 551 10
502 553 10
502 554 10
502 555 10
502 560 10
502 561 10
502 566 10
502 567 10
502 569 10
502 571 10
502 573 10
502 574 10
502 576 10
503 457 10
503 464 10
503 466 10
503 467 10
503 469 10
503 470 10
503 473 10
503 481 10
503 483 10
503 486 10
503 487 10
503 489 10
503 496 10
503 498 10
503 501 10
503 502 10
503 503 10
503 504 10
503 505 10
503 506 10
503 508 10
503 509 10
503 511 10
503 528 10
503 529 10
503 530 10
503 533 10
503 534 10
503 547 10
503 548 10
503 550 10
503 552 10
503 553 10
503 554 10
503 556 10
503 558 10
503 562 10
503 563 10
503 564 10
503 565 10
503 566 10
503 567 10
503 570 10
503 571 10
504 452 10
504 453 10
504 460 10
504 465 10
504 467 10
504 468 10
504 469 10
504 470 10
504 472 10
504 476 10
504 478 10
504 480 10
504 482 10
504 483 10
504 488 10
504 489 10
504 494 10
504 495 10
504 496 10
504 499 10
504 500 10
504 502 10
504 503 10
504 504 10
504 505 10
504 508 10
504 510 10
504 511 10
504 512 10
504 513 10
504 516 10
504 519 10
504 520 10
504 522 10
504 529 10
504 534 10
504 535 10
504 536 10
504 548 10
504 550 10
504 552 10
504 555 10
504 557 10
504 558 10
504 559 10
504 560 10
504 561 10
504 562 10
504 563 10
504 564 10
504 565 10
504 567 10
504 568 10
504 569 10
504 574 10
505 460 10
505 462 10
505 465 10
505 469 10
505 487 10
505 498 10
505 499 10
505 500 10
505 502 10
505 503 10
505 504 10
505 507 10
505 509 10
505 510 10
505 511 10
505 515 10
505 519 10
505 522 10
505 527 10
505 529 10
505 545 10
505 555 10
505 558 10
505 560 10
505 563 10
505 567 10
505 569 10
505 571 10
505 574 10
506 452 10
506 460 10
506 462 10
506 466 10
506 467 10
506 468 10
506 480 10
506 482 10
506 485 10
506 490 10
506 491 10
506 494 10
506 495 10
506 496 10
506 497 10
506 499 10
506 501 10
506 502 10
506 503 10
506 509 10
506 513 10
506 516 10
506 524 10
506 525 10
506 526 10
506 527 10
506 529 10
506 531 10
506 545 10
506 549 10
506 552 10
506 553 10
506 554 10
506 557 10
506 558 10
506 561 10
506 562 10
506 563 10
506 564 10
506 565 10
506 567 10
506 569 10
506 571 10
507 462 10
507 469 10
507 480 10
507 484 10
507 488 10
507 489 10
507 491 10
507 493 10
507 497 10
507 499 10
507 500 10
507 507 10
507 508 10
507 513 10
507 515 10
507 516 10
507 517 10
507 522 10
507 524 10
507 526 10
507 529 10
507 530 10
507 546 10
507 548 10
507 549 10
507 550 10
507 552 10
507 553 10
507 554 10
507 556 10
507 557 10
507 560 10
507 561 10
507 567 10
507 569 10
507 574 10
507 577 10
508 454 10
508 458 10
508 461 10
508 465 10
508 467 10
508 468 10
508 470 10
508 471 10
508 478 10
508 490 10
508 492 10
508 499 10
508 501 10
508 503 10
508 512 10
508 515 10
508 519 10
508 520 10
508 521 10
508 523 10
508 524 10
508 525 10
508 528 10
508 532 10
508 539 10
508 547 10
508 549 10
508 551 10
508 552 10
508 553 10
508 554 10
508 556 10
508 559 10
508 560 10
508 561 10
508 563 10
508 565 10
508 567 10
508 568 10
508 570 10
508 575 10
508 579 10
508 581 10
508 583 10
509 453 10
509 454 10
509 456 10
509 459 10
509 463 10
509 467 10
509 468 10
509 472 10
509 477 10
509 480 10
509 483 10
509 485 10
509 488 10
509 491 10
509 492 10
509 495 10
509 501 10
509 508 10
509 514 10
509 516 10
509 517 10
509 519 10
509 520 10
509 523 10
509 524 10
509 531 10
509 538 10
509 539 10
509 541 10
509 549 10
509 553 10
509 554 10
509 555 10
509 556 10
509 557 10
509 558 10
509 559 10
509 560 10
509 563 10
509 564 10
509 565 10
509 568 10
509 574 10
509 576 10
509 578 10
510 456 10
510 458 10
510 459 10
510 463 10
510 465 10
510 466 10
510 468 10
510 469 10
510 471 10
510 473 10
510 474 10
510 476 10
510 477 10
510 480 10
510 481 10
510 483 10
510 488 10
510 491 10
510 493 10
510 494 10
510 502 10
510 503 10
510 504 10
510 508 10
510 510 10
510 518 10
510 519 10
510 521 10
510 522 10
510 523 10
510 525 10
510 526 10
510 533 10
510 535 10
510 537 10
510 539 10
510 547 10
510 548 10
510 549 10
510 551 10
510 552 10
510 553 10
510 554 10
510 556 10
510 557 10
510 560 10
510 561 10
510 562 10
510 566 10
510 567 10
510 570 10
510 576 10
510 577 10
510 578 10
510 580 10
511 471 10
511 474 10
511 481 10
511 491 10
511 492 10
511 501 10
511 502 10
511 504 10
511 508 10
511 518 10
511 520 10
511 521 10
511 522 10
511 524 10
511 526 10
511 530 10
511 537 10
511 541 10
511 550 10
511 551 10
511 556 10
511 559 10
511 561 10
511 566 10
511 568 10
511 569 10
511 575 10
511 576 10
511 578 10
511 579 10
511 580 10
511 582 10
511 585 10
512 456 10
512 457 10
512 458 10
512 461 10
512 466 10
512 467 10
512 468 10
512 475 10
512 476 10
512 478 10
512 481 10
512 482 10
512 488 10
512 490 10
512 491 10
512 492 10
512 493 10
512 494 10
512 513 10
512 514 10
512 516 10
512 517 10
512 518 10
512 523 10
512 524 10
512 526 10
512 527 10
512 532 10
512 534 10
512 536 10
512 539 10
512 544 10
512 545 10
512 550 10
512 554 10
512 558 10
512 563 10
512 564 10
512 567 10
512 568 10
512 569 10
512 570 10
512 571 10
512 572 10
512 576 10
512 578 10
512 579 10
512 580 10
512 581 10
512 582 10
513 458 10
513 468 10
513 472 10
513 473 10
513 475 10
513 477 10
513 481 10
513 490 10
513 492 10
513 496 10
513 497 10
513 501 10
513 503 10
513 504 10
513 506 10
513 510 10
513 511 10
513 513 10
513 514 10
513 516 10
513 519 10
513 521 10
513 522 10
513 523 10
513 524 10
513 525 10
513 531 10
513 532 10
513 534 10
513 536 10
513 544 10
513 553 10
513 556 10
513 561 10
513 562 10
513 564 10
513 565 10
513 566 10
513 567 10
513 569 10
513 570 10
513 571 10
513 572 10
513 573 10
513 574 10
513 576 10
513 577 10
513 578 10
513 582 10
513 587 10
514 455 10
514 456 10
514 459 10
514 462 10
514 463 10
514 473 10
514 475 10
514 476 10
514 483 10
514 487 10
514 489 10
514 490 10
514 496 10
514 505 10
514 506 10
514 514 10
514 515 10
514 517 10
514 518 10
514 519 10
514 524 10
514 525 10
514 530 10
514 532 10
514 533 10
514 535 10
514 538 10
514 543 10
514 545 10
514 556 10
514 557 10
514 559 10
514 560 10
514 564 10
514 565 10
514 567 10
514 569 10
514 570 10
514 577 10
514 578 10
514 579 10
514 580 10
514 582 10
514 586 10
515 459 10
515 462 10
515 464 10
515 472 10
515 473 10
515 474 10
515 475 10
515 477 10
515 478 10
515 482 10
515 485 10
515 486 10
515 490 10
515 492 10
515 493 10
515 494 10
515 496 10
515 503 10
515 504 10
515 507 10
515 509 10
515 510 10
515 511 10
515 513 10
515 515 10
515 517 10
515 520 10
515 521 10
515 522 10
515 524 10
515 525 10
515 526 10
515 528 10
515 530 10
515 532 10
515 533 10
515 536 10
515 547 10
515 548 10
515 554 10
515 557 10
515 558 10
515 559 10
515 561 10
515 563 10
515 564 10
515 567 10
515 568 10
515 569 10
515 571 10
515 575 10
515 576 10
515 577 10
515 578 10
515 581 10
515 582 10
515 584 10
516 454 10
516 455 10
516 461 10
516 467 10
516 480 10
516 481 10
516 483 10
516 485 10
516 486 10
516 487 10
516 490 10
516 498 10
516 506 10
516 507 10
516 508 10
516 512 10
516 516 10
516 517 10
516 518 10
516 519 10
516 522 10
516 524 10
516 525 10
516 526 10
516 527 10
516 531 10
516 533 10
516 534 10
516 535 10
516 538 10
516 556 10
516 560 10
516 564 10
516 566 10
516 567 10
516 568 10
516 576 10
516 578 10
516 580 10
516 581 10
516 583 10
516 584 10
516 586 10
516 589 10
517 455 10
517 461 10
517 463 10
517 465 10
517 468 10
517 469 10
517 471 10
517 473 10
517 474 10
517 478 10
517 481 10
517 485 10
517 487 10
517 492 10
517 495 10
517 499 10
517 503 10
517 505 10
517 510 10
517 512 10
517 514 10
517 516 10
517 518 10
517 521 10
517 524 10
517 528 10
517 530 10
517 531 10
517 532 10
517 533 10
517 535 10
517 536 10
517 541 10
517 559 10
517 561 10
517 562 10
517 565 10
517 566 10
517 567 10
517 569 10
517 571 10
517 572 10
517 573 10
517 579 10
517 581 10
517 587 10
517 588 10
517 589 10
518 452 10
518 453 10
518 455 10
518 461 10
518 464 10
518 466 10
518 467 10
518 482 10
518 483 10
518 485 10
518 486 10
518 487 10
518 499 10
518 504 10
518 507 10
518 508 10
518 510 10
518 511 10
518 512 10
518 515 10
518 516 10
518 519 10
518 521 10
518 522 10
518 526 10
518 527 10
518 528 10
518 529 10
518 532 10
518 534 10
518 536 10
518 539 10
518 542 10
518 545 10
518 547 10
518 556 10
518 560 10
518 561 10
518 567 10
518 568 10
518 569 10
518 570 10
518 572 10
518 579 10
518 587 10
518 589 10
519 455 10
519 458 10
519 461 10
519 462 10
519 463 10
519 464 10
519 466 10
519 468 10
519 469 10
519 471 10
519 473 10
519 478 10
519 479 10
519 485 10
519 486 10
519 488 10
519 490 10
519 497 10
519 500 10
519 505 10
519 512 10
519 513 10
519 514 10
519 517 10
519 518 10
519 519 10
519 520 10
519 521 10
519 522 10
519 523 10
519 524 10
519 525 10
519 527 10
519 529 10
519 532 10
519 533 10
519 534 10
519 536 10
519 537 10
519 539 10
519 543 10
519 557 10
519 559 10
519 561 10
519 562 10
519 563 10
519 567 10
519 568 10
519 572 10
519 574 10
519 575 10
519 578 10
519 584 10
519 585 10
519 591 10
519 594 10
520 451 10
520 459 10
520 461 10
520 463 10
520 464 10
520 467 10
520 483 10
520 488 10
520 493 10
520 494 10
520 499 10
520 504 10
520 505 10
520 506 10
520 508 10
520 509 10
520 511 10
520 513 10
520 515 10
520 516 10
520 517 10
520 518 10
520 520 10
520 522 10
520 523 10
520 524 10
520 525 10
520 527 10
520 528 10
520 530 10
520 534 10
520 535 10
520 537 10
520 541 10
520 546 10
520 556 10
520 558 10
520 559 10
520 561 10
520 562 10
520 564 10
520 566 10
520 569 10
520 572 10
520 573 10
520 575 10
520 583 10
520 584 10
520 585 10
521 455 10
521 456 10
521 458 10
521 459 10
521 460 10
521 463 10
521 464 10
521 467 10
521 480 10
521 483 10
521 486 10
521 487 10
521 490 10
521 498 10
521 499 10
521 500 10
521 501 10
521 504 10
521 505 10
521 506 10
521 507 10
521 508 10
521 509 10
521 513 10
521 515 10
521 518 10
521 519 10
521 520 10
521 521 10
521 522 10
521 523 10
521 525 10
521 529 10
521 530 10
521 531 10
521 532 10
521 533 10
521 535 10
521 540 10
521 541 10
521 544 10
521 545 10
521 548 10
521 549 10
521 556 10
521 560 10
521 561 10
521 562 10
521 570 10
521 572 10
521 573 10
521 574 10
521 577 10
521 579 10
521 580 10
521 581 10
521 582 10
521 584 10
521 589 10
522 452 10
522 453 10
522 459 10
522 460 10
522 463 10
522 465 10
522 466 10
522 467 10
522 478 10
522 480 10
522 482 10
522 483 10
522 484 10
522 486 10
522 487 10
522 489 10
522 495 10
522 496 10
522 497 10
522 498 10
522 499 10
522 501 10
522 503 10
522 504 10
522 505 10
522 506 10
522 509 10
522 511 10
522 516 10
522 517 10
522 518 10
522 519 10
522 520 10
522 521 10
522 522 10
522 523 10
522 525 10
522 528 10
522 529 10
522 530 10
522 533 10
522 535 10
522 537 10
522 540 10
522 542 10
522 543 10
522 544 10
522 545 10
522 546 10
522 548 10
522 554 10
522 556 10
522 557 10
522 559 10
522 560 10
522 562 10
522 564 10
522 565 10
522 570 10
522 571 10
522 572 10
522 573 10
522 575 10
522 578 10
522 582 10
522 595 10
523 454 10
523 455 10
523 456 10
523 458 10
523 460 10
523 479 10
523 494 10
523 495 10
523 498 10
523 500 10
523 501 10
523 503 10
523 505 10
523 506 10
523 507 10
523 509 10
523 510 10
523 511 10
523 514 10
523 515 10
523 518 10
523 519 10
523 520 10
523 521 10
523 522 10
523 524 10
523 525 10
523 526 10
523 527 10
523 528 10
523 531 10
523 532 10
523 536 10
523 537 10
523 538 10
523 542 10
523 544 10
523 545 10
523 547 10
523 549 10
523 553 10
523 556 10
523 558 10
523 561 10
523 562 10
523 568 10
523 569 10
523 572 10
523 574 10
523 576 10
523 577 10
523 581 10
523 582 10
523 584 10
524 464 10
524 468 10
524 475 10
524 476 10
524 484 10
524 488 10
524 491 10
524 499 10
524 501 10
524 504 10
524 505 10
524 506 10
524 507 10
524 508 100000
524 509 10
524 510 10
524 512 10
524 513 10
524 515 10
524 517 10
524 518 10
524 519 10
524 520 10
524 521 10
524 522 10
524 524 10
524 525 10
524 530 10
524 533 10
524 534 10
524 543 10
524 545 10
524 546 10
524 547 10
524 548 10
524 552 10
524 553 10
524 561 10
524 563 10
524 570 10
524 571 10
524 572 10
524 574 10
524 579 10
524 580 10
525 453 10
525 454 10
525 455 10
525 463 10
525 473 10
525 478 10
525 492 10
525 495 10
525 499 10
525 501 10
525 502 10
525 503 10
525 506 10
525 507 10
525 509 10
525 510 10
525 511 10
525 512 10
525 515 10
525 516 10
525 517 10
525 518 10
525 520 10
525 521 10
525 541 10
525 543 10
525 546 10
525 547 10
525 564 10
525 565 10
525 568 10
525 569 10
525 571 10
525 574 10
525 576 10
525 578 10
525 579 10
525 580 10
525 581 10
525 582 10
525 586 10
526 453 10
526 464 10
526 466 10
526 467 10
526 474 10
526 476 10
526 478 10
526 485 10
526 487 10
526 488 10
526 489 10
526 493 10
526 496 10
526 499 10
526 500 10
526 502 10
526 503 10
526 504 10
526 505 10
526 506 10
526 507 10
526 508 10
526 512 10
526 513 10
526 514 10
526 515 10
526 516 10
526 518 10
526 519 10
526 521 10
526 522 10
526 523 10
526 525 10
526 535 10
526 537 10
526 540 10
526 542 10
526 544 10
526 545 10
526 547 10
526 554 10
526 558 10
526 561 10
526 563 10
526 567 10
526 568 10
526 569 10
526 571 10
526 572 10
526 574 10
526 575 10
526 576 10
526 577 10
526 578 10
526 579 10
526 581 10
526 586 10
527 458 10
527 459 10
527 461 10
527 464 10
527 470 10
527 472 10
527 474 10
527 481 10
527 484 10
527 489 10
527 490 10
527 493 10
527 495 10
527 500 10
527 505 10
527 506 10
527 507 10
527 509 10
527 511 10
527 515 10
527 517 10
527 518 10
527 519 10
527 522 10
527 537 10
527 543 10
527 545 10
527 546 10
527 551 10
527 553 10
527 555 10
527 556 10
527 558 10
527 566 10
527 568 10
527 569 10
527 571 10
527 572 10
527 574 10
527 575 10
527 576 10
527 577 10
527 578 10
527 579 10
527 580 10
527 581 10
527 584 10
528 460 10
528 463 10
528 464 10
528 472 10
528 474 10
528 487 10
528 492 10
528 494 10
528 497 10
528 498 10
528 499 10
528 501 10
528 502 10
528 503 10
528 504 10
528 507 10
528 508 10
528 509 10
528 511 10
528 512 10
528 514 10
528 515 10
528 516 10
528 517 10
528 533 10
528 540 10
528 553 10
528 554 10
528 555 10
528 557 10
528 558 10
528 562 10
528 564 10
528 566 10
528 568 10
528 569 10
528 570 10
528 572 10
528 573 10
528 576 10
528 578 10
528 580 10
528 581 10
529 462 10
529 464 10
529 468 10
529 473 10
529 476 10
529 481 10
529 485 10
529 487 10
529 493 10
529 496 10
529 501 10
529 503 10
529 506 10
529 507 10
529 508 10
529 510 10
529 511 10
529 512 10
529 515 10
529 516 10
529 518 10
529 520 10
529 522 10
529 545 10
529 549 10
529 550 10
529 552 10
529 555 10
529 556 10
529 557 10
529 559 10
529 563 10
529 565 10
529 566 10
529 568 10
529 569 10
529 570 10
529 571 10
529 572 10
529 573 10
529 575 10
529 576 10
529 577 10
529 578 10
529 583 10
529 584 10
530 460 10
530 474 10
530 475 10
530 476 10
530 481 10
530 487 10
530 489 10
530 491 10
530 497 10
530 498 10
530 501 10
530 503 10
530 506 10
530 509 10
530 511 10
530 512 10
530 514 10
530 516 10
530 518 10
530 521 10
530 524 10
530 538 10
530 550 10
530 551 10
530 552 10
530 553 10
530 555 10
530 556 10
530 563 10
530 565 10
530 566 10
530 567 10
530 568 10
530 570 10
530 571 10
530 572 10
530 573 10
530 574 10
530 576 10
530 577 10
530 579 10
530 580 10
530 583 10
531 471 10
531 482 10
531 485 10
531 505 10
531 509 10
531 511 10
531 512 10
531 517 10
531 518 10
531 519 10
531 522 10
531 543 10
531 544 10
531 552 10
531 553 10
531 554 10
531 556 10
531 557 10
531 558 10
531 560 10
531 561 10
531 565 10
531 568 10
531 570 10
531 571 10
531 572 10
531 573 10
531 574 10
531 575 10
531 576 10
531 577 10
531 580 10
531 581 10
531 582 10
532 479 10
532 485 10
532 486 10
532 487 10
532 517 10
532 519 10
532 520 10
532 540 10
532 543 10
532 549 10
532 553 10
532 555 10
532 556 10
532 563 10
532 564 10
532 566 10
532 567 10
532 568 10
532 569 10
532 570 10
532 572 10
532 573 10
532 574 10
532 575 10
532 577 10
532 578 10
532 579 10
533 442 10
533 443 10
533 475 10
533 482 10
533 488 10
533 489 10
533 491 10
533 495 10
533 496 10
533 507 10
533 510 10
533 513 10
533 518 10
533 519 10
533 520 10
533 524 10
533 545 10
533 546 10
533 548 10
533 550 10
533 551 10
533 557 10
533 559 10
533 561 10
533 564 10
533 565 10
533 568 10
533 569 10
533 570 10
533 571 10
533 573 10
533 574 10
533 576 10
533 579 10
533 580 10
534 453 10
534 473 10
534 477 10
534 478 10
534 487 10
534 490 10
534 496 10
534 505 10
534 506 10
534 510 10
534 516 10
534 519 10
534 520 10
534 523 10
534 541 10
534 542 10
534 544 10
534 545 10
534 548 10
534 553 10
534 555 10
534 558 10
534 560 10
534 564 10
534 565 10
534 566 10
534 567 10
534 568 10
534 570 10
534 573 10
534 574 10
534 576 10
535 441 10
535 443 10
535 444 10
535 447 10
535 464 10
535 477 10
535 486 10
535 487 10
535 488 10
535 490 10
535 492 10
535 493 10
535 499 10
535 501 10
535 508 10
535 513 10
535 517 10
535 518 10
535 521 10
535 522 10
535 523 10
535 524 10
535 527 10
535 536 10
535 540 10
535 541 10
535 542 10
535 544 10
535 546 10
535 547 10
535 548 10
535 552 10
535 553 10
535 555 10
535 556 10
535 558 10
535 561 10
535 562 10
535 563 10
535 565 10
535 566 10
535 569 10
535 572 10
535 573 10
536 442 10
536 449 10
536 450 10
536 462 10
536 477 10
536 481 10
536 482 10
536 483 10
536 487 10
536 491 10
536 492 10
536 499 10
536 502 10
536 506 10
536 507 10
536 515 10
536 516 10
536 517 10
536 519 10
536 523 10
536 524 10
536 525 10
536 530 10
536 543 10
536 545 10
536 550 10
536 554 10
536 560 10
536 565 10
536 567 10
536 570 10
536 581 10
537 443 10
537 449 10
537 452 10
537 453 10
537 478 10
537 482 10
537 483 10
537 484 10
537 486 10
537 490 10
537 493 10
537 495 10
537 500 10
537 504 10
537 507 10
537 512 10
537 513 10
537 515 10
537 516 10
537 520 10
537 523 10
537 524 10
537 526 10
537 532 10
537 536 10
537 538 10
537 543 10
537 546 10
537 554 10
537 556 10
537 559 10
537 563 10
537 564 10
537 568 10
537 569 10
537 579 10
537 583 10
537 584 10
538 441 10
538 443 10
538 445 10
538 447 10
538 450 10
538 467 10
538 475 10
538 477 10
538 478 10
538 479 10
538 480 10
538 486 10
538 488 10
538 489 10
538 491 10
538 492 10
538 493 10
538 497 10
538 498 10
538 503 10
538 513 10
538 515 10
538 516 10
538 517 10
538 518 10
538 520 10
538 522 10
538 525 10
538 526 10
538 533 10
538 540 10
538 544 10
538 546 10
538 552 10
538 553 10
538 554 10
538 556 10
538 566 10
538 571 10
538 582 10
538 583 10
539 445 10
539 447 10
539 448 10
539 449 10
539 450 10
539 451 10
539 454 10
539 462 10
539 468 10
539 474 10
539 475 10
539 480 10
539 484 10
539 488 10
539 489 10
539 490 10
539 491 10
539 492 10
539 498 10
539 499 10
539 500 10
539 502 10
539 504 10
539 512 10
539 514 10
539 515 10
539 516 10
539 518 10
539 519 10
539 525 10
539 526 10
539 527 10
539 528 10
539 531 10
539 538 10
539 544 10
539 545 10
539 548 10
539 554 10
539 559 10
539 561 10
539 566 10
539 581 10
539 583 10
539 585 10
540 445 10
540 446 10
540 447 10
540 449 10
540 452 10
540 453 10
540 477 10
540 478 10
540 481 10
540 482 10
540 483 10
540 491 10
540 498 10
540 503 10
540 504 10
540 505 10
540 506 10
540 510 10
540 512 10
540 513 10
540 515 10
540 517 10
540 520 10
540 522 10
540 524 10
540 525 10
540 528 10
540 529 10
540 531 10
540 534 10
540 535 10
540 537 10
540 538 10
540 540 10
540 542 10
540 543 10
540 544 10
540 551 10
540 553 10
540 554 10
540 555 10
540 559 10
540 563 10
540 567 10
540 582 10
540 583 10
540 584 10
541 446 10
541 450 10
541 452 10
541 453 10
541 454 10
541 455 10
541 466 10
541 467 10
541 469 10
541 470 10
541 475 10
541 476 10
541 480 10
541 481 10
541 482 10
541 485 10
541 499 10
541 502 10
541 505 10
541 511 10
541 512 10
541 515 10
541 517 10
541 518 10
541 519 10
541 520 10
541 521 10
541 522 10
541 524 10
541 525 10
541 526 10
541 527 10
541 533 10
541 534 10
541 536 10
541 537 10
541 542 10
541 544 10
541 545 10
541 546 10
541 547 10
541 550 10
541 552 10
541 554 10
541 556 10
541 557 10
541 559 10
541 562 10
541 573 10
541 582 10
541 586 10
541 587 10
542 447 10
542 448 10
542 450 10
542 452 10
542 453 10
542 455 10
542 468 10
542 475 10
542 477 10
542 479 10
542 480 10
542 481 10
542 482 10
542 484 10
542 485 10
542 491 10
542 492 10
542 495 10
542 496 10
542 499 10
542 501 10
542 510 10
542 512 10
542 515 10
542 523 10
542 525 10
542 526 10
542 529 10
542 531 10
542 532 10
542 535 10
542 536 10
542 539 10
542 540 10
542 544 10
542 545 10
542 547 10
542 548 10
542 550 10
542 552 10
542 553 10
542 554 10
542 555 10
542 561 10
542 565 10
543 444 10
543 445 10
543 447 10
543 449 10
543 450 10
543 451 10
543 452 10
543 454 10
543 455 10
543 461 10
543 462 10
543 463 10
543 464 10
543 465 10
543 466 10
543 469 10
543 471 10
543 472 10
543 477 10
543 482 10
543 487 10
543 491 10
543 492 10
543 493 10
543 503 10
543 504 10
543 508 10
543 512 10
543 514 10
543 515 10
543 523 10
543 526 10
543 530 10
543 538 10
543 540 10
543 541 10
543 543 10
543 548 10
543 551 10
543 554 10
543 558 10
543 559 10
543 561 10
543 563 10
543 564 10
543 571 10
543 573 10
543 574 10
543 579 10
544 449 10
544 450 10
544 452 10
544 453 10
544 456 10
544 462 10
544 464 10
544 467 10
544 468 10
544 469 10
544 470 10
544 474 10
544 476 10
544 477 10
544 480 10
544 481 10
544 485 10
544 501 10
544 502 10
544 505 10
544 509 10
544 514 10
544 523 10
544 524 10
544 526 10
544 532 10
544 536 10
544 539 10
544 540 10
544 541 10
544 543 10
544 546 10
544 550 10
544 551 10
544 553 10
544 561 10
544 573 10
544 574 10
544 575 10
544 577 10
545 445 10
545 446 10
545 449 10
545 451 10
545 452 10
545 453 10
545 454 10
545 455 10
545 459 10
545 463 10
545 465 10
545 467 10
545 470 10
545 471 10
545 473 10
545 484 10
545 491 10
545 504 10
545 510 10
545 512 10
545 513 10
545 521 10
545 522 10
545 523 10
545 524 10
545 526 10
545 534 10
545 538 10
545 540 10
545 543 10
545 544 10
545 546 10
545 547 10
545 548 10
545 551 10
545 574 10
545 577 10
545 578 10
546 445 10
546 447 10
546 449 10
546 450 10
546 451 10
546 452 10
546 453 10
546 454 10
546 455 10
546 457 10
546 461 10
546 462 10
546 463 10
546 465 10
546 466 10
546 467 10
546 475 10
546 476 10
546 486 10
546 505 10
546 509 10
546 510 10
546 524 10
546 526 10
546 530 10
546 531 10
546 533 10
546 541 10
546 542 10
546 543 10
546 546 10
546 548 10
546 551 10
546 559 10
546 562 10
546 564 10
546 581 10
546 582 10
547 439 10
547 445 10
547 447 10
547 448 10
547 450 10
547 451 10
547 454 10
547 455 10
547 457 10
547 461 10
547 462 10
547 463 10
547 465 10
547 466 10
547 467 10
547 469 10
547 472 10
547 483 10
547 486 10
547 492 10
547 506 10
547 507 10
547 525 10
547 528 10
547 532 10
547 535 10
547 536 10
547 540 10
547 541 10
547 543 10
547 544 10
547 545 10
547 548 10
547 557 10
547 558 10
547 573 10
547 578 10
548 441 10
548 445 10
548 447 10
548 451 10
548 452 10
548 453 10
548 454 10
548 456 10
548 459 10
548 460 10
548 463 10
548 465 10
548 466 10
548 467 10
548 468 10
548 470 10
548 473 10
548 474 10
548 479 10
548 503 10
548 524 10
548 526 10
548 528 10
548 529 10
548 532 10
548 533 10
548 535 10
548 539 10
548 542 10
548 543 10
548 545 10
548 546 10
548 550 10
548 551 10
548 554 10
548 556 10
548 559 10
548 570 10
548 575 10
548 578 10
548 579 10
548 585 10
549 442 10
549 447 10
549 451 10
549 453 10
549 455 10
549 456 10
549 458 10
549 460 10
549 462 10
549 464 10
549 465 10
549 468 10
549 471 10
549 473 10
549 478 10
549 483 10
549 484 10
549 493 10
549 494 10
549 496 10
549 504 10
549 505 10
549 520 10
549 522 10
549 524 10
549 526 10
549 528 10
549 530 10
549 541 10
549 542 10
549 544 10
549 545 10
549 546 10
549 548 10
549 554 10
549 555 10
549 557 10
549 558 10
549 560 10
549 562 10
549 569 10
549 571 10
549 573 10
549 575 10
549 577 10
549 579 10
549 583 10
549 585 10
550 452 10
550 453 10
550 454 10
550 455 10
550 456 10
550 460 10
550 461 10
550 463 10
550 465 10
550 466 10
550 467 10
550 472 10
550 473 10
550 474 10
550 475 10
550 477 10
550 486 10
550 497 10
550 515 10
550 518 10
550 520 10
550 523 10
550 526 10
550 528 10
550 529 10
550 530 10
550 531 10
550 533 10
550 534 10
550 535 10
550 537 10
550 538 10
550 540 10
550 551 10
550 554 10
550 560 10
550 565 10
550 568 10
550 570 10
550 571 10
550 572 10
550 574 10
551 450 10
551 451 10
551 452 10
551 453 10
551 454 10
551 455 10
551 456 10
551 457 10
551 458 10
551 459 10
551 460 10
551 461 10
551 462 10
551 463 10
551 467 10
551 469 10
551 471 10
551 487 10
551 488 10
551 491 10
551 492 10
551 494 10
551 496 10
551 497 10
551 502 10
551 503 10
551 505 10
551 506 10
551 513 10
551 516 10
551 521 10
551 522 10
551 523 10
551 524 10
551 526 10
551 527 10
551 532 10
551 533 10
551 534 10
551 538 10
551 542 10
551 543 10
551 545 10
551 546 10
551 557 10
551 560 10
551 562 10
551 563 10
551 564 10
551 566 10
551 568 10
551 571 10
551 574 10
551 579 10
551 580 10
552 447 10
552 452 10
552 453 10
552 454 10
552 456 10
552 458 10
552 461 10
552 462 10
552 463 10
552 465 10
552 466 10
552 467 10
552 468 10
552 473 10
552 476 10
552 484 10
552 493 10
552 495 10
552 500 10
552 502 10
552 504 10
552 505 10
552 516 10
552 518 10
552 519 10
552 520 10
552 521 10
552 523 10
552 526 10
552 527 10
552 528 10
552 529 10
552 530 10
552 531 10
552 533 10
552 535 10
552 538 10
552 540 10
552 541 10
552 543 10
552 548 10
552 550 10
552 556 10
552 557 10
552 558 10
552 563 10
552 565 10
552 567 10
552 569 10
552 573 10
553 452 10
553 453 10
553 455 10
553 460 10
553 462 10
553 468 10
553 474 10
553 476 10
553 477 10
553 483 10
553 489 10
553 493 10
553 495 10
553 497 10
553 498 10
553 500 10
553 503 10
553 512 10
553 514 10
553 519 10
553 521 10
553 523 10
553 529 10
553 530 10
553 531 10
553 532 10
553 534 10
553 538 10
553 541 10
553 542 10
553 544 10
553 552 10
553 555 10
553 562 10
553 566 10
553 569 10
553 571 10
553 574 10
554 451 10
554 454 10
554 456 10
554 458 10
554 459 10
554 460 10
554 461 10
554 469 10
554 478 10
554 479 10
554 483 10
554 489 10
554 493 10
554 497 10
554 500 10
554 502 10
554 504 10
554 514 10
554 519 10
554 524 10
554 526 10
554 527 10
554 528 10
554 531 10
554 532 10
554 535 10
554 538 10
554 540 10
554 541 10
554 542 10
554 544 10
554 558 10
554 559 10
554 560 10
554 562 10
554 563 10
554 565 10
554 566 10
554 567 10
554 568 10
554 572 10
554 575 10
555 452 10
555 455 10
555 456 10
555 457 10
555 458 10
555 460 10
555 465 10
555 471 10
555 474 10
555 475 10
555 491 10
555 499 10
555 503 10
555 504 10
555 509 10
555 514 10
555 516 10
555 518 10
555 519 10
555 520 10
555 521 10
555 522 10
555 523 10
555 524 10
555 525 10
555 527 10
555 528 10
555 529 10
555 532 10
555 534 10
555 536 10
555 538 10
555 539 10
555 541 10
555 542 10
555 543 10
555 544 10
555 550 10
555 554 10
555 556 10
555 559 10
555 560 10
555 561 10
555 562 10
555 564 10
555 565 10
555 568 10
555 570 10
555 572 10
556 448 10
556 450 10
556 452 10
556 457 10
556 460 10
556 465 10
556 466 10
556 467 10
556 469 10
556 489 10
556 491 10
556 493 10
556 495 10
556 497 10
556 499 10
556 501 10
556 516 10
556 517 10
556 518 10
556 519 10
556 521 10
556 522 10
556 523 10
556 525 10
556 527 10
556 530 10
556 534 10
556 537 10
556 538 10
556 539 10
556 541 10
556 542 10
556 552 10
556 557 10
556 558 10
556 563 10
556 564 10
556 565 10
556 566 10
556 568 10
556 569 10
556 571 10
556 572 10
556 573 10
556 575 10
557 450 10
557 454 10
557 456 10
557 457 10
557 461 10
557 462 10
557 463 10
557 466 10
557 469 10
557 472 10
557 503 10
557 511 10
557 513 10
557 515 10
557 521 10
557 522 10
557 523 10
557 524 10
557 526 10
557 527 10
557 534 10
557 535 10
557 538 10
557 540 10
557 553 10
557 555 10
557 557 10
557 558 10
557 563 10
557 564 10
557 571 10
557 573 10
558 448 10
558 452 10
558 453 10
558 456 10
558 458 10
558 464 10
558 465 10
558 492 10
558 493 10
558 497 10
558 499 10
558 501 10
558 516 10
558 518 10
558 519 10
558 521 10
558 522 10
558 523 10
558 526 10
558 528 10
558 529 10
558 537 10
558 538 10
558 539 10
558 540 10
558 543 10
558 545 10
558 546 10
558 550 10
558 555 10
558 557 10
558 561 10
558 562 10
558 565 10
558 566 10
558 568 10
558 569 10
558 572 10
558 573 10
559 452 10
559 453 10
559 455 10
559 456 10
559 460 10
559 462 10
559 463 10
559 493 10
559 496 10
559 497 10
559 498 10
559 500 10
559 502 10
559 505 10
559 513 10
559 517 10
559 518 10
559 521 10
559 522 10
559 525 10
559 526 10
559 528 10
559 535 10
559 537 10
559 547 10
559 549 10
559 556 10
559 557 10
559 559 10
559 562 10
559 563 10
559 564 10
559 565 10
559 566 10
559 567 10
560 452 10
560 453 10
560 454 10
560 459 10
560 462 10
560 501 10
560 517 10
560 519 10
560 522 10
560 525 10
560 527 10
560 528 10
560 530 10
560 539 10
560 540 10
560 565 10
560 568 10
560 569 10
560 590 10
561 452 10
561 461 10
561 462 10
561 463 10
561 482 10
561 487 10
561 504 10
561 505 10
561 514 10
561 522 10
561 523 10
561 527 10
561 530 10
561 533 10
561 559 10
561 560 10
561 562 10
561 565 10
561 578 10
562 457 10
562 458 10
562 462 10
562 464 10
562 465 10
562 479 10
562 481 10
562 486 10
562 498 10
562 501 10
562 504 10
562 510 10
562 522 10
562 523 10
562 526 10
562 528 10
562 530 10
562 536 10
562 547 10
562 558 10
562 559 10
562 560 10
562 562 10
562 564 10
562 576 10
562 577 10
562 584 10
562 585 10
563 457 10
563 465 10
563 476 10
563 477 10
563 478 10
563 479 10
563 481 10
563 483 10
563 486 10
563 487 10
563 491 10
563 496 10
563 506 10
563 507 10
563 508 10
563 512 10
563 515 10
563 523 10
563 524 10
563 525 10
563 527 10
563 528 10
563 532 10
563 543 10
563 549 10
563 558 10
563 562 10
563 563 10
563 565 10
563 566 10
563 582 10
563 584 10
563 586 10
563 587 10
564 455 10
564 459 10
564 462 10
564 464 10
564 476 10
564 477 10
564 479 10
564 480 10
564 481 10
564 484 10
564 486 10
564 487 10
564 489 10
564 491 10
564 492 10
564 494 10
564 495 10
564 497 10
564 498 10
564 499 10
564 500 10
564 502 10
564 504 10
564 507 10
564 510 10
564 517 10
564 520 10
564 528 10
564 529 10
564 530 10
564 531 10
564 532 10
564 533 10
564 535 10
564 536 10
564 537 10
564 539 10
564 543 10
564 545 10
564 546 10
564 559 10
564 560 10
564 563 10
564 564 10
564 568 10
564 585 10
564 586 10
564 590 10
565 460 10
565 461 10
565 472 10
565 480 10
565 482 10
565 483 10
565 486 10
565 493 10
565 496 10
565 497 10
565 498 10
565 499 10
565 500 10
565 502 10
565 503 10
565 505 10
565 506 10
565 507 10
565 508 10
565 509 10
565 513 10
565 517 10
565 521 10
565 523 10
565 524 10
565 525 10
565 529 10
565 531 10
565 532 10
565 534 10
565 537 10
565 538 10
565 540 10
565 541 10
565 542 10
565 560 10
565 567 10
565 574 10
565 584 10
565 588 10
566 472 10
566 474 10
566 476 10
566 478 10
566 479 10
566 483 10
566 487 10
566 488 10
566 494 10
566 496 10
566 499 10
566 500 10
566 504 10
566 506 10
566 507 10
566 508 10
566 523 10
566 526 10
566 527 10
566 528 10
566 529 10
566 530 10
566 531 10
566 532 10
566 534 10
566 535 10
566 536 10
566 538 10
566 540 10
566 541 10
566 544 10
566 574 10
567 472 10
567 477 10
567 478 10
567 479 10
567 480 10
567 481 10
567 484 10
567 488 10
567 492 10
567 493 10
567 494 10
567 495 10
567 499 10
567 502 10
567 503 10
567 506 10
567 512 10
567 522 10
567 526 10
567 529 10
567 532 10
567 534 10
567 535 10
567 536 10
567 538 10
567 540 10
567 543 10
567 556 10
567 557 10
567 558 10
567 567 10
567 573 10
568 472 10
568 474 10
568 475 10
568 476 10
568 478 10
568 479 10
568 481 10
568 487 10
568 490 10
568 496 10
568 501 10
568 524 10
568 525 10
568 527 10
568 529 10
568 530 10
568 533 10
568 535 10
568 536 10
568 537 10
568 540 10
568 541 10
568 543 10
568 545 10
568 549 10
568 555 10
568 568 10
569 473 10
569 477 10
569 478 10
569 479 10
569 482 10
569 483 10
569 484 10
569 485 10
569 488 10
569 494 10
569 495 10
569 496 10
569 497 10
569 500 10
569 501 10
569 508 10
569 522 10
569 523 10
569 524 10
569 528 10
569 529 10
569 534 10
569 535 10
569 537 10
569 540 10
569 544 10
569 552 10
569 568 10
570 475 10
570 477 10
570 482 10
570 486 10
570 492 10
570 495 10
570 503 10
570 506 10
570 510 10
570 517 10
570 522 10
570 524 10
570 526 10
570 529 10
570 530 10
570 532 10
570 533 10
570 535 10
570 540 10
570 542 10
570 550 10
570 553 10
571 473 10
571 482 10
571 484 10
571 485 10
571 490 10
571 492 10
571 494 10
571 496 10
571 523 10
571 524 10
571 532 10
571 533 10
571 534 10
571 535 10
571 536 10
571 537 10
571 539 10
571 541 10
571 542 10
571 543 10
571 545 10
571 546 10
571 548 10
571 551 10
571 552 10
571 554 10
571 568 10
572 463 10
572 465 10
572 475 10
572 491 10
572 492 10
572 522 10
572 526 10
572 527 10
572 528 10
572 530 10
572 532 10
572 534 10
572 537 10
572 538 10
572 539 10
572 540 10
572 541 10
572 542 10
572 543 10
572 546 10
572 547 10
572 554 10
572 556 10
573 479 10
573 490 10
573 491 10
573 496 10
573 502 10
573 525 10
573 528 10
573 530 10
573 534 10
573 536 10
573 539 10
573 543 10
573 549 10
573 551 10
573 567 10
574 463 10
574 477 10
574 492 10
574 520 10
574 521 10
574 524 10
574 526 10
574 529 10
574 531 10
574 532 10
574 536 10
574 539 10
574 540 10
574 542 10
574 543 10
574 545 10
574 554 10
574 556 10
574 557 10
575 465 10
575 466 10
575 468 10
575 470 10
575 471 10
575 477 10
575 479 10
575 492 10
575 521 10
575 526 10
575 527 10
575 532 10
575 535 10
575 537 10
575 539 10
575 540 10
575 541 10
575 542 10
575 548 10
575 562 10
575 564 10
575 565 10
576 461 10
576 462 10
576 466 10
576 467 10
576 471 10
576 478 10
576 480 10
576 487 10
576 514 10
576 516 10
576 521 10
576 522 10
576 532 10
576 533 10
576 534 10
576 538 10
576 539 10
576 540 10
576 541 10
576 542 10
576 543 10
576 544 10
576 546 10
576 547 10
576 550 10
576 554 10
576 562 10
577 461 10
577 467 10
577 469 10
577 471 10
577 488 10
577 515 10
577 518 10
577 519 10
577 520 10
577 522 10
577 523 10
577 530 10
577 532 10
577 536 10
577 538 10
577 539 10
577 540 10
577 541 10
577 542 10
577 543 10
577 545 10
577 558 10
577 563 10
577 565 10
578 469 10
578 488 10
578 519 10
578 520 10
578 521 10
578 537 10
578 538 10
578 539 10
578 541 10
578 542 10
578 543 10
578 544 10
578 546 10
578 558 10
578 570 10
579 468 10
579 469 10
579 471 10
579 479 10
579 481 10
579 517 10
579 519 10
579 520 10
579 521 10
579 523 10
579 524 10
579 536 10
579 540 10
579 542 10
579 543 10
580 470 10
580 487 10
580 521 10
580 522 10
580 536 10
580 538 10
580 541 10
580 542 10
580 545 10
580 558 10
581 492 10
581 518 10
581 520 10
581 521 10
581 523 10
581 541 10
581 544 10
582 494 10
582 518 10
582 524 10
582 541 10
582 543 10
582 545 10
582 548 10
583 493 10
583 525 10
583 550 10
584 495 10
584 524 10
584 549 10
584 550 10
584 557 10
584 559 10
585 540 10
586 548 10
588 550 10
597 478 10
598 455 10
598 471 10
598 478 10
599 453 10
599 455 10
599 462 10
599 476 10
600 459 10
604 463 10
