1024
493 513 10
493 514 10
494 512 10
495 509 10
495 512 10
495 521 10
496 508 10
496 509 10
496 512 10
496 515 10
496 525 10
497 508 10
497 509 10
497 511 10
497 512 10
497 515 10
497 517 10
497 520 10
498 510 10
498 511 10
498 517 10
498 521 10
498 523 10
499 509 10
499 510 10
499 511 10
499 514 10
499 520 10
499 521 10
499 522 10
500 512 10
500 515 10
500 522 10
500 524 10
501 502 10
501 504 10
501 506 10
501 508 10
501 509 10
501 512 10
501 513 10
501 515 10
501 520 10
501 522 10
502 503 10
502 508 10
502 509 10
502 512 10
502 515 10
502 516 10
503 501 10
503 504 10
503 507 10
503 508 10
503 509 10
503 510 10
503 512 10
503 514 10
503 517 10
503 518 10
504 503 10
504 504 10
504 505 10
504 507 10
504 508 10
504 510 10
504 512 10
504 514 10
504 516 10
504 517 10
504 518 10
504 519 10
505 507 10
505 509 10
505 510 10
505 512 10
505 515 10
505 516 10
505 520 10
505 523 10
506 504 10
506 506 10
506 509 10
506 510 10
506 512 10
506 514 10
506 515 10
506 517 10
506 518 10
506 519 10
506 521 10
506 524 10
506 525 10
507 503 10
507 504 10
507 510 10
507 511 10
507 513 10
507 514 10
507 515 10
507 517 10
507 518 10
507 519 10
507 521 10
507 523 10
507 524 10
508 506 10
508 508 10
508 509 10
508 512 10
508 513 10
508 514 10
508 515 10
508 517 10
508 519 10
508 520 10
508 521 10
508 522 10
508 524 10
509 511 10
509 512 10
509 514 10
509 516 10
509 517 10
509 518 10
509 521 10
509 522 10
509 526 10
509 528 10
510 506 10
510 508 10
510 511 10
510 512 10
510 513 10
510 515 10
510 519 10
510 520 10
510 521 10
510 522 10
510 523 10
511 503 10
511 506 10
511 507 10
511 508 10
511 510 10
511 511 10
511 513 10
511 514 100000
511 515 10
511 517 10
511 518 10
511 519 10
511 520 10
511 521 10
512 498 10
512 506 10
512 507 10
512 509 10
512 510 10
512 513 10
512 515 10
512 517 10
512 519 10
512 527 10
513 501 10
513 506 10
513 510 10
513 512 10
513 513 10
513 515 10
513 516 10
513 517 10
514 499 10
514 507 10
514 508 10
514 509 10
514 510 10
514 512 10
514 513 10
514 514 10
514 519 10
515 500 10
515 510 10
515 511 10
515 514 10
515 515 10
515 516 10
515 517 10
516 508 10
517 512 10
517 513 10
517 515 10
517 520 10
518 514 10
518 515 10
518 516 10
518 517 10
519 512 10
519 513 10
519 515 10
519 519 10
520 514 10
520 515 10
520 519 10
520 521 10
521 513 10
521 514 10
521 515 10
521 516 10
521 517 10
523 515 10
