30 140
30 74
30 60
30 58
202 60
202 60
202 61
202 64
202 61
417 63
417 62
417 63
417 63
417 65
603 68
603 69
603 69
603 71
603 70
1210 71
1210 79
1210 84
1210 82
1210 79
1679 80
1679 85
1679 92
1679 97
1679 96
3314 108
3314 113
3314 127
3314 119
3314 114
4967 126
4967 130
4967 144
4967 145
4967 156
7268 154
7268 167
7268 168
7268 170
7268 184
9838 190
9838 202
9838 203
9838 205
9838 209
11640 213
11640 225
11640 224
11640 232
11640 237
13953 246
13953 250
13953 262
13953 269
13953 270
16858 280
16858 296
16858 301
16858 314
16858 319
18921 319
18921 332
18921 335
18921 345
18921 362
23528 382
23528 415
23528 437
23528 438
23528 465
29077 463
29077 483
29077 511
29077 552
29077 563
35749 610
35749 648
35749 679
35749 704
35749 724
40095 734
40095 734
40095 773
40095 804
40095 826
45736 879
45736 888
45736 967
45736 1025
45736 1024
51323 1024
51323 1069
51323 1147
51323 1154
51323 1173
56537 1184
56537 1205
56537 1260
56537 1324
56537 1362
63121 1363
63121 1357
63121 1380
63121 1484
63121 1458
69762 1529
69762 1592
69762 1660
69762 1744
69762 1765
75307 1715
75307 1731
75307 1834
75307 1949
75307 2045
85393 2075
85393 2072
85393 2101
85393 2256
85393 2381
94513 2409
94513 2447
94513 2511
94513 2576
94513 2702
102517 2641
102517 2777
102517 2772
102517 2796
102517 2875
114711 3060
114711 3264
114711 3323
114711 3432
114711 3472
124588 3527
124588 3640
124588 3761
124588 3746
124588 3717
132494 3766
132494 3850
132494 3907
132494 4010
132494 4107
143972 4181
30 22014
30 75
30 76
30 68
202 63
202 63
202 64
202 67
202 64
417 66
417 65
417 66
417 66
417 68
603 72
603 72
603 72
603 75
603 74
1210 76
1210 84
1210 89
1210 87
1210 83
1679 85
1679 90
1679 97
1679 103
1679 102
3314 115
3314 119
3314 136
3314 127
3314 121
4967 135
4967 139
4967 154
4967 154
4967 166
7268 165
7268 178
7268 180
7268 182
7268 198
9838 203
9838 217
9838 219
9838 221
9838 225
11640 231
11640 241
11640 243
11640 251
11640 256
13953 266
13953 269
13953 283
13953 290
13953 292
16858 302
16858 318
16858 325
16858 339
16858 343
18921 343
18921 356
18921 359
18921 373
18921 389
23528 408
23528 444
23528 464
23528 466
23528 492
29077 487
29077 505
29077 536
29077 576
29077 587
35749 631
35749 666
35749 696
35749 723
35749 741
40095 749
40095 750
40095 785
40095 815
40095 836
45736 887
45736 895
45736 975
45736 1027
45736 1026
51323 1027
51323 1069
51323 1145
51323 1151
51323 1171
56537 1182
56537 1205
56537 1253
56537 1316
56537 1353
63121 1356
63121 1352
63121 1375
63121 1479
63121 1449
69762 1518
69762 1580
69762 1650
69762 1731
69762 1753
75307 1703
75307 1718
75307 1819
75307 1933
75307 2027
85393 2054
85393 2050
85393 2078
85393 2233
85393 2358
94513 2389
94513 2426
94513 2490
94513 2553
94513 2681
102517 2622
102517 2756
102517 2752
102517 2778
102517 2859
114711 3042
114711 3246
114711 3304
114711 3413
114711 3450
124588 3507
124588 11965
124588 12390
124588 12934
124588 12768
132494 13798
132494 12949
132494 13361
132494 12820
132494 12486
143972 150307
